,Baso,Eos,Mast,Meg,Monocyte,Neutrophil,Undifferentiated
13199,0.0,0.0,0.0,0.0,1656.0,0.0,344.0
13210,0.0,0.0,0.0,0.0,313.0,0.0,1687.0
13226,0.0,0.0,0.0,2000.0,0.0,0.0,0.0
13235,0.0,0.0,0.0,0.0,0.0,0.0,2000.0
13256,0.0,0.0,0.0,0.0,0.0,0.0,2000.0
13258,0.0,0.0,0.0,0.0,0.0,32.0,1968.0
13259,0.0,0.0,0.0,0.0,0.0,2000.0,0.0
13260,2000.0,0.0,0.0,0.0,0.0,0.0,0.0
13266,0.0,0.0,0.0,0.0,0.0,0.0,2000.0
13274,180.0,0.0,0.0,0.0,0.0,0.0,1820.0
13291,0.0,0.0,0.0,0.0,0.0,257.0,1743.0
13300,0.0,0.0,0.0,0.0,0.0,2000.0,0.0
13302,0.0,0.0,0.0,0.0,0.0,1979.0,21.0
13313,0.0,0.0,0.0,0.0,0.0,0.0,2000.0
13314,706.0,0.0,0.0,0.0,281.0,0.0,1013.0
13322,0.0,0.0,0.0,0.0,0.0,1615.0,385.0
13341,0.0,0.0,0.0,0.0,135.0,0.0,1865.0
13350,0.0,0.0,0.0,0.0,0.0,2000.0,0.0
13352,0.0,0.0,0.0,0.0,1946.0,0.0,54.0
13353,2000.0,0.0,0.0,0.0,0.0,0.0,0.0
13361,0.0,0.0,0.0,0.0,0.0,1998.0,2.0
13366,0.0,0.0,0.0,0.0,0.0,0.0,2000.0
13371,1.0,0.0,0.0,0.0,0.0,0.0,1999.0
13375,0.0,0.0,0.0,0.0,0.0,488.0,1512.0
13389,2000.0,0.0,0.0,0.0,0.0,0.0,0.0
13401,2000.0,0.0,0.0,0.0,0.0,0.0,0.0
13407,0.0,0.0,0.0,0.0,0.0,0.0,2000.0
13418,2000.0,0.0,0.0,0.0,0.0,0.0,0.0
13419,2000.0,0.0,0.0,0.0,0.0,0.0,0.0
13434,0.0,0.0,0.0,0.0,0.0,0.0,2000.0
13437,2000.0,0.0,0.0,0.0,0.0,0.0,0.0
13456,0.0,0.0,0.0,0.0,0.0,1715.0,285.0
13463,0.0,0.0,0.0,0.0,2000.0,0.0,0.0
13483,0.0,0.0,0.0,0.0,1963.0,0.0,37.0
13484,0.0,0.0,0.0,0.0,143.0,1.0,1856.0
13489,1789.0,0.0,0.0,0.0,0.0,0.0,211.0
13495,0.0,0.0,0.0,0.0,0.0,916.0,1084.0
13498,0.0,0.0,0.0,0.0,0.0,552.0,1448.0
13506,0.0,0.0,0.0,0.0,1891.0,0.0,109.0
13512,0.0,0.0,0.0,0.0,0.0,2000.0,0.0
13523,0.0,0.0,0.0,0.0,0.0,1024.0,976.0
13525,0.0,0.0,0.0,0.0,0.0,0.0,2000.0
13526,0.0,0.0,0.0,0.0,0.0,1616.0,384.0
13558,0.0,0.0,0.0,0.0,0.0,244.0,1756.0
13562,0.0,0.0,0.0,0.0,0.0,1907.0,93.0
13567,0.0,0.0,0.0,0.0,40.0,0.0,1960.0
13588,0.0,0.0,0.0,0.0,2000.0,0.0,0.0
13592,0.0,0.0,0.0,0.0,0.0,2000.0,0.0
13609,2000.0,0.0,0.0,0.0,0.0,0.0,0.0
13611,0.0,0.0,0.0,0.0,0.0,0.0,2000.0
13614,0.0,0.0,0.0,0.0,0.0,0.0,2000.0
13616,0.0,0.0,0.0,0.0,1903.0,0.0,97.0
13621,0.0,0.0,0.0,0.0,0.0,0.0,2000.0
13639,0.0,0.0,0.0,0.0,0.0,2000.0,0.0
13642,0.0,0.0,0.0,0.0,30.0,619.0,1351.0
13652,45.0,0.0,0.0,0.0,0.0,0.0,1955.0
13656,0.0,0.0,0.0,0.0,0.0,1616.0,384.0
13663,2000.0,0.0,0.0,0.0,0.0,0.0,0.0
13678,2000.0,0.0,0.0,0.0,0.0,0.0,0.0
13681,0.0,0.0,0.0,0.0,12.0,0.0,1988.0
13697,0.0,0.0,0.0,0.0,0.0,1993.0,7.0
13719,2000.0,0.0,0.0,0.0,0.0,0.0,0.0
13725,0.0,0.0,0.0,0.0,0.0,2000.0,0.0
13742,0.0,0.0,0.0,0.0,0.0,0.0,2000.0
13752,0.0,0.0,0.0,0.0,0.0,1410.0,590.0
13760,0.0,0.0,0.0,0.0,1767.0,0.0,233.0
13763,0.0,0.0,0.0,0.0,0.0,2000.0,0.0
13765,0.0,0.0,0.0,0.0,0.0,4.0,1996.0
13769,0.0,0.0,0.0,0.0,1775.0,0.0,225.0
13780,0.0,0.0,0.0,0.0,0.0,1954.0,46.0
13786,0.0,0.0,0.0,0.0,0.0,0.0,2000.0
13803,0.0,0.0,0.0,0.0,0.0,2000.0,0.0
13804,0.0,0.0,0.0,0.0,559.0,0.0,1441.0
13816,0.0,0.0,0.0,0.0,23.0,0.0,1977.0
13817,0.0,0.0,0.0,0.0,1965.0,0.0,35.0
13824,0.0,0.0,0.0,0.0,0.0,2.0,1998.0
13827,0.0,0.0,0.0,0.0,0.0,0.0,2000.0
13839,0.0,0.0,0.0,0.0,0.0,2000.0,0.0
13842,0.0,0.0,0.0,0.0,0.0,3.0,1997.0
13876,0.0,0.0,0.0,0.0,2000.0,0.0,0.0
13879,0.0,0.0,0.0,0.0,0.0,2000.0,0.0
13880,0.0,0.0,0.0,0.0,2.0,71.0,1927.0
13882,2000.0,0.0,0.0,0.0,0.0,0.0,0.0
13887,0.0,0.0,0.0,0.0,0.0,0.0,2000.0
13892,0.0,0.0,0.0,0.0,0.0,0.0,2000.0
13895,0.0,0.0,0.0,6.0,0.0,0.0,1994.0
13897,0.0,0.0,0.0,0.0,2000.0,0.0,0.0
13911,0.0,0.0,0.0,0.0,0.0,0.0,2000.0
13913,0.0,0.0,0.0,0.0,0.0,0.0,2000.0
13933,0.0,0.0,0.0,0.0,0.0,0.0,2000.0
13940,1880.0,0.0,0.0,0.0,0.0,0.0,120.0
13941,0.0,0.0,0.0,0.0,0.0,0.0,2000.0
13964,0.0,0.0,0.0,0.0,0.0,0.0,2000.0
13966,2000.0,0.0,0.0,0.0,0.0,0.0,0.0
13981,0.0,0.0,0.0,0.0,0.0,0.0,2000.0
13989,0.0,0.0,0.0,0.0,0.0,0.0,2000.0
13991,0.0,0.0,0.0,0.0,0.0,0.0,2000.0
14007,1491.0,0.0,0.0,0.0,0.0,0.0,509.0
14009,0.0,0.0,0.0,0.0,0.0,0.0,2000.0
14011,0.0,0.0,0.0,0.0,2000.0,0.0,0.0
14018,0.0,0.0,0.0,0.0,1335.0,0.0,665.0
14019,2000.0,0.0,0.0,0.0,0.0,0.0,0.0
14020,81.0,0.0,0.0,0.0,0.0,0.0,1919.0
14038,0.0,0.0,0.0,0.0,0.0,0.0,2000.0
14040,0.0,0.0,0.0,0.0,0.0,0.0,2000.0
14061,0.0,0.0,0.0,0.0,0.0,0.0,2000.0
14076,2000.0,0.0,0.0,0.0,0.0,0.0,0.0
14087,0.0,0.0,0.0,0.0,0.0,2000.0,0.0
14089,0.0,0.0,0.0,0.0,0.0,0.0,2000.0
14097,0.0,0.0,0.0,0.0,0.0,0.0,2000.0
14099,0.0,0.0,0.0,0.0,1986.0,0.0,14.0
14106,0.0,0.0,0.0,0.0,0.0,0.0,2000.0
14125,0.0,0.0,0.0,2000.0,0.0,0.0,0.0
14128,0.0,0.0,0.0,0.0,0.0,2000.0,0.0
14129,0.0,0.0,0.0,0.0,1518.0,0.0,482.0
14159,1911.0,0.0,0.0,0.0,0.0,0.0,89.0
14184,0.0,0.0,0.0,0.0,0.0,2000.0,0.0
14199,0.0,0.0,0.0,0.0,0.0,0.0,2000.0
14213,2000.0,0.0,0.0,0.0,0.0,0.0,0.0
14214,0.0,0.0,0.0,0.0,0.0,0.0,2000.0
14220,2000.0,0.0,0.0,0.0,0.0,0.0,0.0
14224,2000.0,0.0,0.0,0.0,0.0,0.0,0.0
14226,2000.0,0.0,0.0,0.0,0.0,0.0,0.0
14227,0.0,0.0,0.0,0.0,0.0,2000.0,0.0
14238,2000.0,0.0,0.0,0.0,0.0,0.0,0.0
14247,0.0,0.0,0.0,0.0,0.0,0.0,2000.0
14268,0.0,0.0,0.0,0.0,0.0,0.0,2000.0
14277,0.0,0.0,0.0,0.0,0.0,1982.0,18.0
14288,0.0,0.0,0.0,0.0,30.0,0.0,1970.0
14310,0.0,0.0,0.0,0.0,0.0,0.0,2000.0
14327,0.0,0.0,0.0,0.0,127.0,0.0,1873.0
14336,0.0,0.0,0.0,0.0,0.0,0.0,2000.0
14348,0.0,0.0,0.0,0.0,0.0,176.0,1824.0
14352,0.0,0.0,0.0,0.0,0.0,0.0,2000.0
14362,1999.0,0.0,0.0,0.0,0.0,0.0,1.0
14363,0.0,0.0,0.0,0.0,0.0,0.0,2000.0
14374,0.0,0.0,0.0,0.0,0.0,0.0,2000.0
14384,0.0,0.0,0.0,0.0,0.0,2000.0,0.0
14385,0.0,0.0,0.0,0.0,217.0,12.0,1771.0
14387,1998.0,0.0,0.0,0.0,0.0,0.0,2.0
14395,0.0,0.0,0.0,0.0,0.0,1998.0,2.0
14410,0.0,0.0,0.0,0.0,0.0,0.0,2000.0
14420,0.0,0.0,0.0,0.0,0.0,2000.0,0.0
14423,0.0,0.0,0.0,0.0,0.0,2000.0,0.0
14449,2000.0,0.0,0.0,0.0,0.0,0.0,0.0
14452,0.0,0.0,0.0,0.0,0.0,83.0,1917.0
14456,0.0,0.0,0.0,0.0,725.0,0.0,1275.0
14471,0.0,0.0,0.0,0.0,894.0,0.0,1106.0
14492,0.0,0.0,0.0,0.0,1891.0,0.0,109.0
14497,2000.0,0.0,0.0,0.0,0.0,0.0,0.0
14502,0.0,0.0,0.0,0.0,0.0,2000.0,0.0
14508,0.0,0.0,0.0,0.0,0.0,2000.0,0.0
14511,0.0,0.0,0.0,0.0,0.0,0.0,2000.0
14521,2000.0,0.0,0.0,0.0,0.0,0.0,0.0
14522,0.0,0.0,0.0,2000.0,0.0,0.0,0.0
14532,0.0,0.0,0.0,0.0,2000.0,0.0,0.0
14544,0.0,0.0,0.0,0.0,0.0,47.0,1953.0
14549,0.0,0.0,0.0,0.0,0.0,508.0,1492.0
14566,0.0,0.0,0.0,0.0,0.0,2000.0,0.0
14584,0.0,0.0,0.0,0.0,0.0,1964.0,36.0
14589,1984.0,0.0,0.0,0.0,0.0,0.0,16.0
14606,0.0,0.0,0.0,0.0,0.0,0.0,2000.0
14613,0.0,0.0,0.0,0.0,0.0,2000.0,0.0
14615,0.0,0.0,0.0,0.0,2000.0,0.0,0.0
14637,1465.0,0.0,0.0,0.0,0.0,0.0,535.0
14675,0.0,0.0,0.0,0.0,0.0,0.0,2000.0
14701,0.0,0.0,0.0,0.0,0.0,0.0,2000.0
14703,0.0,0.0,0.0,0.0,0.0,1754.0,246.0
14714,0.0,0.0,0.0,0.0,1.0,0.0,1999.0
14725,0.0,0.0,0.0,0.0,0.0,0.0,2000.0
14726,0.0,0.0,0.0,0.0,327.0,0.0,1673.0
14736,0.0,0.0,0.0,0.0,14.0,469.0,1517.0
14741,0.0,0.0,0.0,0.0,0.0,0.0,2000.0
14749,0.0,0.0,0.0,0.0,2000.0,0.0,0.0
14775,0.0,0.0,0.0,0.0,0.0,0.0,2000.0
14778,2000.0,0.0,0.0,0.0,0.0,0.0,0.0
14785,0.0,0.0,0.0,0.0,0.0,0.0,2000.0
14807,2000.0,0.0,0.0,0.0,0.0,0.0,0.0
14810,0.0,0.0,0.0,0.0,17.0,0.0,1983.0
14814,0.0,0.0,0.0,0.0,2000.0,0.0,0.0
14845,0.0,0.0,0.0,0.0,0.0,1995.0,5.0
14848,0.0,0.0,0.0,0.0,0.0,0.0,2000.0
14861,0.0,0.0,0.0,0.0,0.0,2000.0,0.0
14868,0.0,0.0,0.0,2000.0,0.0,0.0,0.0
14903,2000.0,0.0,0.0,0.0,0.0,0.0,0.0
14909,0.0,0.0,0.0,0.0,0.0,0.0,2000.0
14930,2000.0,0.0,0.0,0.0,0.0,0.0,0.0
14936,0.0,0.0,0.0,0.0,0.0,0.0,2000.0
14942,1036.0,0.0,0.0,0.0,0.0,0.0,964.0
14964,0.0,0.0,0.0,0.0,0.0,2000.0,0.0
14968,0.0,0.0,0.0,0.0,0.0,0.0,2000.0
14978,0.0,0.0,0.0,0.0,0.0,2000.0,0.0
14982,0.0,0.0,0.0,0.0,0.0,0.0,2000.0
14985,0.0,0.0,0.0,2000.0,0.0,0.0,0.0
14987,2000.0,0.0,0.0,0.0,0.0,0.0,0.0
14991,2000.0,0.0,0.0,0.0,0.0,0.0,0.0
14997,1969.0,0.0,0.0,0.0,0.0,0.0,31.0
15006,0.0,0.0,0.0,0.0,0.0,1969.0,31.0
15012,0.0,0.0,0.0,0.0,0.0,0.0,2000.0
15032,0.0,0.0,0.0,0.0,0.0,0.0,2000.0
15056,0.0,0.0,0.0,0.0,1998.0,0.0,2.0
15066,0.0,0.0,0.0,0.0,0.0,2000.0,0.0
15077,0.0,0.0,0.0,0.0,7.0,0.0,1993.0
15084,0.0,0.0,0.0,0.0,0.0,0.0,2000.0
15089,2000.0,0.0,0.0,0.0,0.0,0.0,0.0
15097,0.0,0.0,0.0,0.0,2000.0,0.0,0.0
15119,0.0,0.0,0.0,0.0,2000.0,0.0,0.0
15123,2000.0,0.0,0.0,0.0,0.0,0.0,0.0
15155,0.0,0.0,0.0,0.0,0.0,0.0,2000.0
15170,0.0,0.0,0.0,0.0,0.0,70.0,1930.0
15171,0.0,0.0,0.0,0.0,0.0,0.0,2000.0
15182,0.0,0.0,0.0,0.0,0.0,0.0,2000.0
15198,15.0,0.0,0.0,0.0,0.0,0.0,1985.0
15207,0.0,0.0,0.0,0.0,0.0,0.0,2000.0
15214,0.0,0.0,0.0,0.0,0.0,1999.0,1.0
15216,0.0,0.0,0.0,0.0,0.0,249.0,1751.0
15240,0.0,0.0,0.0,0.0,0.0,253.0,1747.0
15241,0.0,0.0,0.0,0.0,1715.0,0.0,285.0
15266,0.0,0.0,0.0,0.0,14.0,18.0,1968.0
15298,0.0,0.0,0.0,0.0,0.0,2000.0,0.0
15307,0.0,0.0,0.0,0.0,0.0,0.0,2000.0
15331,0.0,0.0,0.0,0.0,504.0,77.0,1419.0
15336,0.0,0.0,0.0,0.0,0.0,85.0,1915.0
15345,0.0,0.0,0.0,0.0,0.0,1999.0,1.0
15352,0.0,0.0,0.0,46.0,0.0,0.0,1954.0
15358,0.0,0.0,0.0,0.0,0.0,0.0,2000.0
15360,0.0,0.0,0.0,0.0,0.0,2000.0,0.0
15363,0.0,0.0,0.0,0.0,0.0,2000.0,0.0
15368,0.0,0.0,0.0,0.0,291.0,0.0,1709.0
15369,0.0,0.0,0.0,0.0,0.0,0.0,2000.0
15394,0.0,0.0,0.0,0.0,0.0,1865.0,135.0
15426,0.0,0.0,0.0,0.0,0.0,0.0,2000.0
15432,0.0,0.0,0.0,0.0,0.0,0.0,2000.0
15436,0.0,0.0,0.0,0.0,0.0,0.0,2000.0
15439,1095.0,0.0,0.0,0.0,0.0,0.0,905.0
15446,0.0,0.0,0.0,0.0,0.0,1129.0,871.0
15457,0.0,0.0,0.0,0.0,0.0,2000.0,0.0
15461,0.0,0.0,0.0,0.0,0.0,0.0,2000.0
15462,0.0,0.0,0.0,0.0,0.0,2000.0,0.0
15470,0.0,0.0,0.0,0.0,0.0,2000.0,0.0
15471,0.0,0.0,0.0,0.0,6.0,0.0,1994.0
15490,0.0,0.0,0.0,0.0,0.0,0.0,2000.0
15498,0.0,0.0,0.0,0.0,0.0,0.0,2000.0
15508,0.0,0.0,0.0,0.0,0.0,19.0,1981.0
15522,0.0,0.0,0.0,0.0,0.0,2000.0,0.0
15526,0.0,0.0,0.0,0.0,0.0,0.0,2000.0
15535,0.0,0.0,0.0,0.0,0.0,0.0,2000.0
15537,0.0,0.0,0.0,0.0,182.0,0.0,1818.0
15550,2000.0,0.0,0.0,0.0,0.0,0.0,0.0
15558,2000.0,0.0,0.0,0.0,0.0,0.0,0.0
15563,0.0,0.0,0.0,0.0,0.0,2000.0,0.0
15564,0.0,0.0,0.0,0.0,0.0,2000.0,0.0
15565,0.0,0.0,0.0,0.0,1998.0,0.0,2.0
15590,0.0,0.0,0.0,0.0,0.0,911.0,1089.0
15596,2000.0,0.0,0.0,0.0,0.0,0.0,0.0
15597,295.0,4.0,0.0,0.0,0.0,1.0,1700.0
15614,0.0,0.0,0.0,0.0,2000.0,0.0,0.0
15620,0.0,0.0,0.0,0.0,0.0,0.0,2000.0
15628,0.0,0.0,0.0,0.0,1063.0,0.0,937.0
15632,0.0,0.0,0.0,0.0,0.0,2000.0,0.0
15643,23.0,0.0,0.0,0.0,0.0,0.0,1977.0
15653,0.0,0.0,0.0,0.0,1986.0,0.0,14.0
15655,0.0,0.0,0.0,0.0,0.0,1276.0,724.0
15665,0.0,0.0,0.0,0.0,0.0,0.0,2000.0
15667,0.0,0.0,0.0,0.0,0.0,0.0,2000.0
15678,0.0,0.0,0.0,0.0,0.0,0.0,2000.0
15704,0.0,0.0,0.0,0.0,0.0,0.0,2000.0
15707,1363.0,0.0,0.0,0.0,0.0,0.0,637.0
15712,0.0,0.0,0.0,0.0,2000.0,0.0,0.0
15716,0.0,0.0,0.0,0.0,0.0,1979.0,21.0
15720,0.0,0.0,0.0,0.0,0.0,16.0,1984.0
15721,0.0,0.0,0.0,0.0,0.0,1261.0,739.0
15739,0.0,0.0,0.0,0.0,0.0,791.0,1209.0
15741,0.0,0.0,0.0,0.0,0.0,0.0,2000.0
15747,0.0,0.0,0.0,0.0,556.0,0.0,1444.0
15760,0.0,0.0,0.0,0.0,0.0,0.0,2000.0
15789,0.0,0.0,0.0,0.0,0.0,1984.0,16.0
15790,3.0,0.0,0.0,0.0,0.0,0.0,1997.0
15808,0.0,0.0,0.0,0.0,841.0,0.0,1159.0
15814,2000.0,0.0,0.0,0.0,0.0,0.0,0.0
15817,1929.0,0.0,0.0,0.0,0.0,0.0,71.0
15821,1683.0,0.0,0.0,0.0,0.0,0.0,317.0
15826,0.0,0.0,0.0,0.0,1.0,1067.0,932.0
15830,2000.0,0.0,0.0,0.0,0.0,0.0,0.0
15842,223.0,0.0,0.0,0.0,157.0,0.0,1620.0
15846,0.0,0.0,0.0,0.0,0.0,0.0,2000.0
15852,0.0,0.0,0.0,0.0,0.0,0.0,2000.0
15855,0.0,0.0,0.0,0.0,0.0,0.0,2000.0
15858,0.0,0.0,0.0,0.0,0.0,2000.0,0.0
15865,0.0,0.0,0.0,0.0,0.0,1038.0,962.0
15881,0.0,0.0,0.0,0.0,0.0,0.0,2000.0
15889,0.0,0.0,0.0,0.0,1686.0,0.0,314.0
15901,0.0,0.0,0.0,0.0,0.0,1.0,1999.0
15912,0.0,0.0,0.0,2000.0,0.0,0.0,0.0
15929,0.0,0.0,0.0,0.0,0.0,1992.0,8.0
15941,0.0,0.0,0.0,0.0,0.0,1931.0,69.0
15944,0.0,0.0,0.0,0.0,1990.0,0.0,10.0
15945,0.0,0.0,811.0,0.0,0.0,0.0,1189.0
15953,2000.0,0.0,0.0,0.0,0.0,0.0,0.0
15954,0.0,0.0,0.0,0.0,1952.0,0.0,48.0
15958,0.0,0.0,0.0,0.0,2000.0,0.0,0.0
15959,0.0,0.0,0.0,0.0,0.0,1977.0,23.0
15965,0.0,0.0,172.0,191.0,0.0,0.0,1637.0
15988,0.0,0.0,0.0,0.0,0.0,0.0,2000.0
16007,0.0,0.0,0.0,0.0,0.0,0.0,2000.0
16008,0.0,0.0,0.0,0.0,0.0,2000.0,0.0
16013,0.0,0.0,0.0,0.0,0.0,0.0,2000.0
16014,0.0,0.0,0.0,9.0,0.0,0.0,1991.0
16032,0.0,0.0,0.0,0.0,0.0,0.0,2000.0
16037,0.0,0.0,0.0,0.0,0.0,1774.0,226.0
16044,0.0,0.0,0.0,0.0,0.0,2000.0,0.0
16045,0.0,0.0,0.0,0.0,5.0,0.0,1995.0
16048,0.0,0.0,0.0,0.0,2000.0,0.0,0.0
16051,2000.0,0.0,0.0,0.0,0.0,0.0,0.0
16066,0.0,0.0,0.0,0.0,0.0,0.0,2000.0
16089,2000.0,0.0,0.0,0.0,0.0,0.0,0.0
16095,0.0,0.0,0.0,0.0,0.0,716.0,1284.0
16098,0.0,0.0,0.0,0.0,0.0,0.0,2000.0
16107,0.0,0.0,0.0,0.0,0.0,1602.0,398.0
16119,0.0,0.0,0.0,0.0,0.0,2000.0,0.0
16125,60.0,0.0,0.0,0.0,0.0,0.0,1940.0
16155,0.0,0.0,0.0,0.0,36.0,0.0,1964.0
16160,0.0,0.0,0.0,0.0,0.0,1924.0,76.0
16162,0.0,0.0,0.0,0.0,0.0,2000.0,0.0
16173,0.0,0.0,0.0,0.0,0.0,1978.0,22.0
16174,0.0,0.0,0.0,0.0,0.0,1498.0,502.0
16179,0.0,0.0,0.0,0.0,132.0,0.0,1868.0
16187,0.0,0.0,0.0,0.0,1004.0,0.0,996.0
16196,2000.0,0.0,0.0,0.0,0.0,0.0,0.0
16203,0.0,0.0,0.0,0.0,0.0,2000.0,0.0
16207,0.0,0.0,0.0,0.0,0.0,0.0,2000.0
16228,0.0,0.0,0.0,0.0,0.0,1149.0,851.0
16230,2000.0,0.0,0.0,0.0,0.0,0.0,0.0
16231,0.0,0.0,0.0,0.0,0.0,0.0,2000.0
16253,0.0,0.0,0.0,0.0,0.0,2000.0,0.0
16255,0.0,0.0,0.0,0.0,0.0,23.0,1977.0
16257,0.0,0.0,0.0,0.0,0.0,0.0,2000.0
16264,0.0,0.0,0.0,0.0,0.0,0.0,2000.0
16275,0.0,0.0,0.0,0.0,0.0,2000.0,0.0
16277,0.0,0.0,0.0,0.0,1502.0,0.0,498.0
16297,0.0,0.0,0.0,0.0,1586.0,0.0,414.0
16318,0.0,0.0,0.0,0.0,2000.0,0.0,0.0
16331,0.0,0.0,0.0,0.0,0.0,1309.0,691.0
16332,0.0,0.0,0.0,2000.0,0.0,0.0,0.0
16347,0.0,0.0,0.0,0.0,0.0,0.0,2000.0
16350,0.0,0.0,0.0,0.0,95.0,0.0,1905.0
16357,0.0,0.0,0.0,4.0,0.0,0.0,1996.0
16393,2000.0,0.0,0.0,0.0,0.0,0.0,0.0
16398,0.0,0.0,0.0,0.0,0.0,0.0,2000.0
16415,0.0,0.0,0.0,0.0,0.0,2000.0,0.0
16424,2000.0,0.0,0.0,0.0,0.0,0.0,0.0
16428,0.0,0.0,0.0,0.0,0.0,2000.0,0.0
16432,0.0,0.0,0.0,0.0,0.0,1550.0,450.0
16435,0.0,0.0,0.0,0.0,0.0,0.0,2000.0
16447,0.0,0.0,0.0,0.0,0.0,0.0,2000.0
16461,2000.0,0.0,0.0,0.0,0.0,0.0,0.0
16470,0.0,0.0,134.0,0.0,0.0,0.0,1866.0
16479,0.0,0.0,0.0,0.0,0.0,2.0,1998.0
16492,0.0,0.0,0.0,0.0,0.0,0.0,2000.0
16512,0.0,0.0,0.0,0.0,0.0,0.0,2000.0
16519,0.0,0.0,0.0,0.0,0.0,0.0,2000.0
16520,0.0,0.0,0.0,0.0,1995.0,0.0,5.0
16530,1.0,0.0,0.0,0.0,5.0,0.0,1994.0
16532,0.0,0.0,0.0,0.0,0.0,0.0,2000.0
16543,0.0,0.0,0.0,0.0,2000.0,0.0,0.0
16550,0.0,0.0,0.0,0.0,0.0,0.0,2000.0
16555,0.0,0.0,0.0,0.0,0.0,2000.0,0.0
16559,1987.0,0.0,0.0,0.0,0.0,0.0,13.0
16565,497.0,0.0,0.0,0.0,0.0,0.0,1503.0
16567,0.0,0.0,0.0,0.0,0.0,1998.0,2.0
16570,0.0,0.0,0.0,0.0,0.0,16.0,1984.0
16574,0.0,0.0,0.0,0.0,0.0,2000.0,0.0
16579,0.0,0.0,0.0,0.0,0.0,2000.0,0.0
16582,0.0,0.0,0.0,0.0,0.0,1858.0,142.0
16588,2000.0,0.0,0.0,0.0,0.0,0.0,0.0
16593,0.0,0.0,0.0,0.0,0.0,2000.0,0.0
16606,0.0,0.0,0.0,0.0,0.0,0.0,2000.0
16611,0.0,0.0,0.0,0.0,1.0,0.0,1999.0
16632,0.0,0.0,0.0,0.0,0.0,1928.0,72.0
16641,2000.0,0.0,0.0,0.0,0.0,0.0,0.0
16647,0.0,0.0,0.0,0.0,0.0,0.0,2000.0
16650,0.0,0.0,0.0,0.0,0.0,0.0,2000.0
16660,2000.0,0.0,0.0,0.0,0.0,0.0,0.0
16663,0.0,0.0,0.0,0.0,2000.0,0.0,0.0
16669,0.0,0.0,0.0,0.0,3.0,12.0,1985.0
16673,1971.0,0.0,0.0,0.0,0.0,0.0,29.0
16679,2000.0,0.0,0.0,0.0,0.0,0.0,0.0
16693,2000.0,0.0,0.0,0.0,0.0,0.0,0.0
16697,2000.0,0.0,0.0,0.0,0.0,0.0,0.0
16710,0.0,0.0,0.0,0.0,0.0,4.0,1996.0
16723,0.0,0.0,0.0,0.0,0.0,0.0,2000.0
16725,0.0,0.0,0.0,2000.0,0.0,0.0,0.0
16735,0.0,0.0,0.0,0.0,0.0,1089.0,911.0
16779,2000.0,0.0,0.0,0.0,0.0,0.0,0.0
16785,0.0,0.0,0.0,0.0,0.0,1998.0,2.0
16790,0.0,0.0,0.0,0.0,0.0,0.0,2000.0
16799,0.0,0.0,0.0,0.0,0.0,0.0,2000.0
16801,0.0,0.0,0.0,0.0,754.0,0.0,1246.0
16804,0.0,0.0,0.0,748.0,0.0,0.0,1252.0
16809,0.0,0.0,0.0,0.0,0.0,2000.0,0.0
16822,0.0,0.0,0.0,0.0,1945.0,0.0,55.0
16824,0.0,0.0,0.0,0.0,0.0,1998.0,2.0
16832,0.0,0.0,0.0,0.0,2000.0,0.0,0.0
16833,0.0,0.0,0.0,0.0,0.0,0.0,2000.0
16836,0.0,0.0,0.0,0.0,0.0,0.0,2000.0
16861,0.0,0.0,0.0,0.0,0.0,0.0,2000.0
16878,0.0,0.0,0.0,0.0,0.0,0.0,2000.0
16883,0.0,0.0,0.0,0.0,0.0,2000.0,0.0
16894,2000.0,0.0,0.0,0.0,0.0,0.0,0.0
16905,0.0,0.0,0.0,0.0,0.0,0.0,2000.0
16908,0.0,0.0,0.0,0.0,1531.0,0.0,469.0
16911,0.0,0.0,0.0,2000.0,0.0,0.0,0.0
16919,2000.0,0.0,0.0,0.0,0.0,0.0,0.0
16922,0.0,0.0,0.0,0.0,0.0,0.0,2000.0
16950,0.0,0.0,0.0,0.0,0.0,0.0,2000.0
16977,613.0,0.0,0.0,0.0,0.0,0.0,1387.0
16984,0.0,0.0,0.0,0.0,0.0,0.0,2000.0
16990,0.0,0.0,0.0,0.0,0.0,1764.0,236.0
16993,0.0,0.0,0.0,0.0,0.0,1279.0,721.0
17006,0.0,0.0,0.0,0.0,0.0,2000.0,0.0
17015,1947.0,0.0,0.0,0.0,0.0,0.0,53.0
17022,0.0,0.0,0.0,0.0,245.0,0.0,1755.0
17024,0.0,0.0,0.0,0.0,0.0,2000.0,0.0
17032,0.0,0.0,0.0,0.0,455.0,0.0,1545.0
17066,0.0,0.0,0.0,0.0,937.0,13.0,1050.0
17086,0.0,0.0,0.0,0.0,0.0,0.0,2000.0
17092,2000.0,0.0,0.0,0.0,0.0,0.0,0.0
17104,0.0,0.0,0.0,0.0,1004.0,0.0,996.0
17105,0.0,0.0,0.0,0.0,0.0,2000.0,0.0
17111,0.0,0.0,0.0,0.0,0.0,0.0,2000.0
17116,0.0,0.0,0.0,0.0,0.0,1406.0,594.0
17120,0.0,0.0,0.0,0.0,0.0,0.0,2000.0
17124,0.0,0.0,0.0,0.0,0.0,2000.0,0.0
17143,0.0,0.0,0.0,0.0,0.0,1855.0,145.0
17148,1999.0,0.0,0.0,0.0,0.0,0.0,1.0
17153,0.0,0.0,0.0,0.0,0.0,0.0,2000.0
17155,0.0,0.0,0.0,0.0,0.0,0.0,2000.0
17160,0.0,0.0,0.0,0.0,0.0,2000.0,0.0
17188,0.0,0.0,0.0,0.0,0.0,1634.0,366.0
17193,2000.0,0.0,0.0,0.0,0.0,0.0,0.0
17198,0.0,0.0,0.0,0.0,0.0,2000.0,0.0
17218,117.0,0.0,0.0,0.0,0.0,0.0,1883.0
17228,0.0,0.0,0.0,0.0,0.0,2000.0,0.0
17230,0.0,0.0,0.0,0.0,0.0,0.0,2000.0
17234,0.0,0.0,0.0,0.0,0.0,0.0,2000.0
17237,0.0,0.0,0.0,0.0,0.0,1270.0,730.0
17248,2000.0,0.0,0.0,0.0,0.0,0.0,0.0
17249,2000.0,0.0,0.0,0.0,0.0,0.0,0.0
17278,0.0,0.0,0.0,0.0,0.0,0.0,2000.0
17287,0.0,0.0,0.0,0.0,0.0,111.0,1889.0
17292,2000.0,0.0,0.0,0.0,0.0,0.0,0.0
17294,2000.0,0.0,0.0,0.0,0.0,0.0,0.0
17343,0.0,0.0,0.0,0.0,0.0,356.0,1644.0
17366,0.0,0.0,0.0,0.0,0.0,0.0,2000.0
17379,2000.0,0.0,0.0,0.0,0.0,0.0,0.0
17383,0.0,0.0,0.0,0.0,301.0,0.0,1699.0
17386,0.0,0.0,0.0,0.0,0.0,2000.0,0.0
17388,0.0,0.0,0.0,0.0,0.0,2000.0,0.0
17415,0.0,0.0,0.0,0.0,0.0,2000.0,0.0
17427,0.0,0.0,0.0,0.0,0.0,0.0,2000.0
17428,0.0,0.0,0.0,0.0,0.0,1846.0,154.0
17432,0.0,0.0,0.0,0.0,0.0,2000.0,0.0
17435,0.0,0.0,0.0,0.0,1992.0,0.0,8.0
17444,0.0,0.0,0.0,0.0,0.0,1875.0,125.0
17448,0.0,0.0,0.0,0.0,10.0,0.0,1990.0
17464,0.0,0.0,0.0,0.0,0.0,0.0,2000.0
17508,0.0,0.0,0.0,0.0,59.0,19.0,1922.0
17509,2000.0,0.0,0.0,0.0,0.0,0.0,0.0
17511,0.0,0.0,0.0,0.0,0.0,0.0,2000.0
17516,0.0,0.0,0.0,0.0,0.0,0.0,2000.0
17526,0.0,0.0,0.0,0.0,0.0,0.0,2000.0
17528,1997.0,0.0,0.0,0.0,0.0,0.0,3.0
17530,0.0,0.0,0.0,0.0,105.0,27.0,1868.0
17533,0.0,0.0,0.0,0.0,0.0,2000.0,0.0
17546,0.0,0.0,0.0,525.0,0.0,0.0,1475.0
17551,0.0,0.0,0.0,0.0,0.0,2000.0,0.0
17556,0.0,0.0,0.0,0.0,0.0,0.0,2000.0
17584,1949.0,0.0,0.0,0.0,0.0,0.0,51.0
17624,0.0,0.0,0.0,0.0,0.0,1762.0,238.0
17636,0.0,0.0,0.0,0.0,1.0,0.0,1999.0
17640,0.0,0.0,0.0,0.0,1179.0,0.0,821.0
17662,0.0,0.0,0.0,0.0,1998.0,0.0,2.0
17663,0.0,0.0,0.0,0.0,0.0,1670.0,330.0
17665,2000.0,0.0,0.0,0.0,0.0,0.0,0.0
17666,0.0,0.0,0.0,0.0,0.0,0.0,2000.0
17668,0.0,0.0,0.0,0.0,0.0,0.0,2000.0
17675,0.0,0.0,0.0,0.0,0.0,0.0,2000.0
17682,0.0,0.0,0.0,0.0,0.0,0.0,2000.0
17720,0.0,0.0,0.0,0.0,950.0,0.0,1050.0
17721,0.0,0.0,0.0,0.0,0.0,0.0,2000.0
17731,2000.0,0.0,0.0,0.0,0.0,0.0,0.0
17733,0.0,0.0,0.0,0.0,0.0,0.0,2000.0
17749,2000.0,0.0,0.0,0.0,0.0,0.0,0.0
17750,0.0,0.0,0.0,0.0,0.0,0.0,2000.0
17766,0.0,0.0,0.0,0.0,1999.0,0.0,1.0
17772,2000.0,0.0,0.0,0.0,0.0,0.0,0.0
17777,0.0,0.0,0.0,0.0,1349.0,0.0,651.0
17797,0.0,0.0,0.0,0.0,1974.0,0.0,26.0
17820,0.0,0.0,0.0,0.0,0.0,1803.0,197.0
17826,0.0,0.0,0.0,1696.0,0.0,0.0,304.0
17851,0.0,0.0,0.0,0.0,0.0,1065.0,935.0
17856,0.0,0.0,0.0,0.0,0.0,538.0,1462.0
17857,0.0,0.0,0.0,0.0,0.0,0.0,2000.0
17861,0.0,0.0,0.0,0.0,2000.0,0.0,0.0
17869,0.0,0.0,0.0,0.0,0.0,0.0,2000.0
17871,0.0,0.0,0.0,0.0,0.0,1999.0,1.0
17879,0.0,0.0,0.0,0.0,0.0,233.0,1767.0
17882,0.0,0.0,0.0,0.0,0.0,7.0,1993.0
17895,0.0,0.0,0.0,0.0,0.0,80.0,1920.0
17899,0.0,0.0,0.0,0.0,2000.0,0.0,0.0
17909,54.0,0.0,0.0,0.0,0.0,0.0,1946.0
17920,0.0,0.0,0.0,0.0,0.0,0.0,2000.0
17926,0.0,0.0,0.0,0.0,2000.0,0.0,0.0
17932,0.0,0.0,0.0,0.0,0.0,2000.0,0.0
17965,0.0,0.0,0.0,0.0,0.0,2000.0,0.0
17967,0.0,0.0,0.0,0.0,12.0,1283.0,705.0
17969,0.0,0.0,0.0,0.0,162.0,0.0,1838.0
17971,0.0,0.0,0.0,2000.0,0.0,0.0,0.0
17973,0.0,0.0,0.0,8.0,0.0,0.0,1992.0
17990,985.0,0.0,0.0,0.0,0.0,0.0,1015.0
17992,0.0,0.0,0.0,2000.0,0.0,0.0,0.0
18003,0.0,0.0,0.0,0.0,0.0,314.0,1686.0
18006,0.0,0.0,0.0,0.0,0.0,2000.0,0.0
18024,2.0,0.0,0.0,0.0,0.0,0.0,1998.0
18031,1982.0,0.0,0.0,0.0,0.0,0.0,18.0
18038,2000.0,0.0,0.0,0.0,0.0,0.0,0.0
18041,0.0,0.0,0.0,0.0,323.0,0.0,1677.0
18049,0.0,0.0,0.0,0.0,0.0,0.0,2000.0
18050,0.0,0.0,0.0,0.0,0.0,0.0,2000.0
18054,1998.0,0.0,0.0,0.0,0.0,0.0,2.0
18065,0.0,0.0,0.0,0.0,0.0,0.0,2000.0
18073,0.0,0.0,0.0,0.0,0.0,0.0,2000.0
18075,0.0,0.0,0.0,0.0,9.0,0.0,1991.0
18077,2000.0,0.0,0.0,0.0,0.0,0.0,0.0
18082,0.0,0.0,0.0,55.0,0.0,0.0,1945.0
18089,0.0,0.0,0.0,0.0,0.0,15.0,1985.0
18090,3.0,0.0,0.0,0.0,59.0,26.0,1912.0
18100,0.0,0.0,0.0,0.0,0.0,0.0,2000.0
18108,2000.0,0.0,0.0,0.0,0.0,0.0,0.0
18135,0.0,0.0,0.0,0.0,6.0,0.0,1994.0
18141,8.0,0.0,0.0,0.0,0.0,0.0,1992.0
18164,0.0,0.0,0.0,0.0,0.0,0.0,2000.0
18168,0.0,0.0,0.0,0.0,0.0,0.0,2000.0
18173,0.0,0.0,0.0,0.0,0.0,2000.0,0.0
18183,0.0,0.0,0.0,2000.0,0.0,0.0,0.0
18186,0.0,0.0,0.0,0.0,0.0,2000.0,0.0
18187,0.0,0.0,0.0,0.0,0.0,0.0,2000.0
18188,0.0,0.0,0.0,0.0,0.0,2000.0,0.0
18193,0.0,0.0,0.0,0.0,0.0,5.0,1995.0
18202,0.0,0.0,0.0,0.0,0.0,2000.0,0.0
18212,0.0,0.0,0.0,0.0,0.0,1995.0,5.0
18221,0.0,0.0,0.0,0.0,0.0,2000.0,0.0
18222,0.0,0.0,0.0,0.0,0.0,0.0,2000.0
18235,0.0,0.0,0.0,0.0,0.0,0.0,2000.0
18242,0.0,0.0,0.0,0.0,0.0,0.0,2000.0
18244,0.0,0.0,0.0,0.0,0.0,958.0,1042.0
18255,0.0,0.0,0.0,0.0,0.0,0.0,2000.0
18279,0.0,0.0,0.0,0.0,0.0,1997.0,3.0
18292,66.0,0.0,0.0,0.0,0.0,0.0,1934.0
18300,0.0,0.0,0.0,0.0,603.0,0.0,1397.0
18301,3.0,0.0,0.0,0.0,0.0,0.0,1997.0
18322,0.0,0.0,0.0,0.0,744.0,0.0,1256.0
18331,0.0,0.0,0.0,0.0,0.0,2000.0,0.0
18345,0.0,0.0,0.0,0.0,1416.0,0.0,584.0
18364,0.0,0.0,0.0,0.0,0.0,0.0,2000.0
18373,0.0,0.0,0.0,0.0,0.0,0.0,2000.0
18375,0.0,0.0,0.0,0.0,0.0,0.0,2000.0
18379,0.0,0.0,0.0,0.0,0.0,617.0,1383.0
18385,1683.0,0.0,0.0,0.0,0.0,0.0,317.0
18388,0.0,0.0,0.0,0.0,0.0,1959.0,41.0
18391,0.0,0.0,0.0,0.0,2000.0,0.0,0.0
18393,0.0,0.0,0.0,0.0,0.0,0.0,2000.0
18409,0.0,0.0,0.0,0.0,0.0,0.0,2000.0
18414,1976.0,0.0,0.0,0.0,0.0,0.0,24.0
18425,1356.0,0.0,0.0,0.0,0.0,0.0,644.0
18436,0.0,0.0,0.0,0.0,0.0,1999.0,1.0
18440,0.0,0.0,0.0,0.0,2000.0,0.0,0.0
18451,0.0,0.0,0.0,0.0,0.0,1934.0,66.0
18464,0.0,0.0,0.0,0.0,0.0,2000.0,0.0
18465,0.0,0.0,0.0,0.0,0.0,2000.0,0.0
18486,0.0,0.0,0.0,0.0,1954.0,0.0,46.0
18487,0.0,0.0,0.0,0.0,0.0,15.0,1985.0
18504,0.0,0.0,0.0,0.0,0.0,0.0,2000.0
18515,0.0,0.0,0.0,0.0,0.0,0.0,2000.0
18517,0.0,0.0,0.0,2000.0,0.0,0.0,0.0
18519,0.0,0.0,0.0,0.0,2000.0,0.0,0.0
18527,2000.0,0.0,0.0,0.0,0.0,0.0,0.0
18530,0.0,0.0,0.0,0.0,0.0,0.0,2000.0
18532,1.0,0.0,0.0,0.0,0.0,0.0,1999.0
18539,0.0,0.0,0.0,0.0,0.0,2000.0,0.0
18542,0.0,0.0,0.0,0.0,0.0,0.0,2000.0
18544,0.0,0.0,0.0,0.0,0.0,1632.0,368.0
18550,0.0,0.0,0.0,0.0,0.0,0.0,2000.0
18582,0.0,0.0,0.0,0.0,1276.0,0.0,724.0
18605,0.0,0.0,0.0,0.0,0.0,2000.0,0.0
18623,0.0,0.0,0.0,0.0,0.0,0.0,2000.0
18631,0.0,0.0,0.0,0.0,0.0,0.0,2000.0
18636,0.0,0.0,0.0,0.0,1993.0,0.0,7.0
18637,0.0,0.0,0.0,0.0,0.0,5.0,1995.0
18644,0.0,0.0,0.0,0.0,2000.0,0.0,0.0
18651,38.0,0.0,0.0,0.0,0.0,0.0,1962.0
18658,0.0,0.0,0.0,0.0,0.0,113.0,1887.0
18660,0.0,0.0,0.0,0.0,0.0,1046.0,954.0
18683,0.0,0.0,0.0,0.0,0.0,0.0,2000.0
18729,0.0,0.0,0.0,0.0,0.0,0.0,2000.0
18741,0.0,0.0,0.0,0.0,0.0,89.0,1911.0
18742,0.0,0.0,0.0,0.0,0.0,2000.0,0.0
18745,0.0,0.0,0.0,0.0,0.0,2000.0,0.0
18764,0.0,0.0,0.0,0.0,0.0,369.0,1631.0
18783,0.0,0.0,0.0,0.0,661.0,0.0,1339.0
18796,0.0,0.0,827.0,0.0,0.0,0.0,1173.0
18808,14.0,0.0,0.0,0.0,0.0,0.0,1986.0
18832,0.0,0.0,0.0,0.0,0.0,0.0,2000.0
18834,0.0,0.0,0.0,0.0,0.0,872.0,1128.0
18859,0.0,0.0,0.0,0.0,0.0,1103.0,897.0
18865,0.0,0.0,0.0,0.0,0.0,0.0,2000.0
18882,0.0,0.0,2.0,0.0,0.0,0.0,1998.0
18889,0.0,0.0,0.0,0.0,108.0,0.0,1892.0
18893,0.0,0.0,0.0,0.0,0.0,0.0,2000.0
18898,0.0,0.0,0.0,0.0,0.0,2000.0,0.0
18903,0.0,0.0,0.0,0.0,0.0,2000.0,0.0
18907,0.0,0.0,0.0,0.0,0.0,0.0,2000.0
18911,0.0,0.0,0.0,0.0,0.0,2000.0,0.0
18912,0.0,0.0,0.0,0.0,0.0,1624.0,376.0
18916,2000.0,0.0,0.0,0.0,0.0,0.0,0.0
18922,0.0,0.0,0.0,0.0,0.0,1983.0,17.0
18926,0.0,0.0,0.0,0.0,0.0,2000.0,0.0
18927,2000.0,0.0,0.0,0.0,0.0,0.0,0.0
18931,0.0,0.0,0.0,0.0,0.0,0.0,2000.0
18933,0.0,0.0,0.0,0.0,0.0,2000.0,0.0
18941,0.0,0.0,0.0,0.0,0.0,0.0,2000.0
18951,0.0,0.0,0.0,0.0,0.0,2000.0,0.0
18955,2000.0,0.0,0.0,0.0,0.0,0.0,0.0
18956,2000.0,0.0,0.0,0.0,0.0,0.0,0.0
18962,0.0,0.0,0.0,0.0,0.0,2000.0,0.0
18973,0.0,0.0,0.0,0.0,344.0,6.0,1650.0
18987,0.0,0.0,0.0,0.0,0.0,1869.0,131.0
18999,0.0,0.0,0.0,0.0,579.0,0.0,1421.0
19000,0.0,0.0,0.0,0.0,0.0,0.0,2000.0
19016,0.0,0.0,0.0,0.0,0.0,2000.0,0.0
19017,0.0,0.0,0.0,0.0,0.0,0.0,2000.0
19028,0.0,0.0,0.0,0.0,0.0,0.0,2000.0
19048,0.0,0.0,0.0,0.0,0.0,0.0,2000.0
19063,0.0,0.0,0.0,0.0,15.0,0.0,1985.0
19068,0.0,0.0,0.0,0.0,0.0,3.0,1997.0
19071,2000.0,0.0,0.0,0.0,0.0,0.0,0.0
19092,2000.0,0.0,0.0,0.0,0.0,0.0,0.0
19093,0.0,0.0,0.0,0.0,0.0,0.0,2000.0
19108,0.0,0.0,0.0,0.0,0.0,0.0,2000.0
19131,0.0,0.0,0.0,0.0,0.0,0.0,2000.0
19137,0.0,0.0,0.0,0.0,0.0,78.0,1922.0
19138,0.0,0.0,0.0,0.0,0.0,0.0,2000.0
19139,2000.0,0.0,0.0,0.0,0.0,0.0,0.0
19142,0.0,0.0,0.0,0.0,0.0,0.0,2000.0
19146,0.0,0.0,0.0,0.0,312.0,0.0,1688.0
19149,0.0,0.0,0.0,0.0,0.0,542.0,1458.0
19160,0.0,0.0,0.0,0.0,0.0,1304.0,696.0
19165,0.0,0.0,0.0,0.0,0.0,0.0,2000.0
19171,0.0,0.0,0.0,0.0,0.0,1836.0,164.0
19189,0.0,0.0,0.0,0.0,0.0,1117.0,883.0
19190,0.0,0.0,0.0,0.0,0.0,0.0,2000.0
19191,5.0,0.0,0.0,0.0,0.0,0.0,1995.0
19194,0.0,0.0,0.0,0.0,0.0,1752.0,248.0
19196,0.0,0.0,0.0,0.0,0.0,1997.0,3.0
19214,0.0,0.0,0.0,0.0,0.0,0.0,2000.0
19217,0.0,0.0,0.0,0.0,1990.0,0.0,10.0
19226,0.0,0.0,0.0,0.0,0.0,0.0,2000.0
19233,0.0,0.0,0.0,0.0,0.0,0.0,2000.0
19234,1958.0,0.0,0.0,0.0,0.0,0.0,42.0
19251,0.0,0.0,0.0,0.0,1.0,281.0,1718.0
19261,0.0,0.0,0.0,0.0,0.0,1254.0,746.0
19262,25.0,0.0,0.0,0.0,0.0,11.0,1964.0
19287,0.0,0.0,0.0,0.0,0.0,427.0,1573.0
19320,0.0,0.0,0.0,0.0,0.0,0.0,2000.0
19352,0.0,0.0,0.0,0.0,13.0,157.0,1830.0
19353,0.0,0.0,0.0,0.0,0.0,0.0,2000.0
19365,0.0,0.0,0.0,0.0,0.0,0.0,2000.0
19384,0.0,0.0,0.0,0.0,0.0,0.0,2000.0
19386,0.0,0.0,0.0,0.0,228.0,0.0,1772.0
19391,0.0,0.0,0.0,0.0,0.0,2000.0,0.0
19399,0.0,0.0,0.0,0.0,0.0,1997.0,3.0
19400,0.0,0.0,0.0,0.0,0.0,1235.0,765.0
19406,42.0,0.0,0.0,0.0,0.0,0.0,1958.0
19409,0.0,0.0,0.0,0.0,0.0,2000.0,0.0
19419,0.0,0.0,0.0,0.0,0.0,2000.0,0.0
19440,0.0,0.0,0.0,0.0,0.0,0.0,2000.0
19450,0.0,0.0,0.0,0.0,1959.0,0.0,41.0
19458,0.0,0.0,0.0,0.0,0.0,1986.0,14.0
19477,0.0,0.0,0.0,0.0,1964.0,0.0,36.0
19480,0.0,0.0,0.0,2000.0,0.0,0.0,0.0
19483,0.0,0.0,0.0,0.0,5.0,0.0,1995.0
19484,0.0,0.0,0.0,0.0,0.0,2000.0,0.0
19497,0.0,0.0,0.0,0.0,0.0,2000.0,0.0
19498,0.0,1578.0,0.0,0.0,0.0,422.0,0.0
19499,2000.0,0.0,0.0,0.0,0.0,0.0,0.0
19504,0.0,0.0,0.0,0.0,0.0,2000.0,0.0
19516,0.0,0.0,0.0,0.0,0.0,0.0,2000.0
19517,1952.0,0.0,0.0,0.0,0.0,0.0,48.0
19533,0.0,0.0,0.0,0.0,0.0,0.0,2000.0
19539,0.0,0.0,0.0,0.0,0.0,2000.0,0.0
19543,0.0,0.0,0.0,0.0,0.0,0.0,2000.0
19549,0.0,0.0,0.0,0.0,0.0,112.0,1888.0
19554,2000.0,0.0,0.0,0.0,0.0,0.0,0.0
19556,2000.0,0.0,0.0,0.0,0.0,0.0,0.0
19560,0.0,0.0,0.0,0.0,0.0,0.0,2000.0
19575,0.0,0.0,0.0,0.0,0.0,1997.0,3.0
19585,0.0,0.0,0.0,0.0,0.0,1975.0,25.0
19593,0.0,0.0,0.0,0.0,1095.0,0.0,905.0
19603,0.0,0.0,0.0,0.0,0.0,1996.0,4.0
19611,0.0,0.0,0.0,0.0,1420.0,0.0,580.0
19612,0.0,0.0,0.0,0.0,0.0,0.0,2000.0
19615,7.0,0.0,0.0,0.0,0.0,0.0,1993.0
19619,0.0,0.0,0.0,0.0,0.0,137.0,1863.0
19624,0.0,0.0,0.0,0.0,0.0,0.0,2000.0
19629,0.0,0.0,0.0,0.0,0.0,1997.0,3.0
19630,0.0,0.0,0.0,1.0,0.0,0.0,1999.0
19641,0.0,0.0,0.0,0.0,0.0,2000.0,0.0
19645,0.0,0.0,0.0,0.0,0.0,0.0,2000.0
19675,0.0,0.0,0.0,2000.0,0.0,0.0,0.0
19690,0.0,0.0,0.0,0.0,0.0,0.0,2000.0
19692,0.0,0.0,0.0,0.0,0.0,0.0,2000.0
19702,0.0,0.0,0.0,0.0,0.0,7.0,1993.0
19703,0.0,0.0,0.0,0.0,0.0,1045.0,955.0
19713,0.0,0.0,0.0,0.0,408.0,2.0,1590.0
19714,0.0,0.0,0.0,0.0,0.0,1871.0,129.0
19724,0.0,0.0,0.0,0.0,2000.0,0.0,0.0
19741,0.0,0.0,0.0,0.0,0.0,2000.0,0.0
19755,0.0,0.0,0.0,0.0,1240.0,0.0,760.0
19760,0.0,0.0,0.0,0.0,0.0,1567.0,433.0
19781,0.0,0.0,0.0,0.0,0.0,2000.0,0.0
19799,0.0,0.0,0.0,0.0,0.0,1999.0,1.0
19800,0.0,0.0,0.0,0.0,0.0,0.0,2000.0
19811,1934.0,0.0,0.0,0.0,0.0,0.0,66.0
19837,0.0,0.0,0.0,0.0,22.0,0.0,1978.0
19841,2000.0,0.0,0.0,0.0,0.0,0.0,0.0
19846,0.0,0.0,0.0,0.0,0.0,286.0,1714.0
19856,0.0,0.0,0.0,0.0,0.0,0.0,2000.0
19858,0.0,0.0,0.0,0.0,0.0,0.0,2000.0
19859,9.0,0.0,0.0,0.0,339.0,0.0,1652.0
19865,0.0,0.0,0.0,0.0,0.0,0.0,2000.0
19874,0.0,0.0,0.0,0.0,0.0,2000.0,0.0
19883,0.0,0.0,0.0,0.0,0.0,140.0,1860.0
19884,0.0,0.0,0.0,0.0,0.0,2000.0,0.0
19897,0.0,0.0,0.0,0.0,0.0,0.0,2000.0
19905,0.0,0.0,0.0,0.0,0.0,1423.0,577.0
19919,0.0,0.0,0.0,0.0,373.0,0.0,1627.0
19927,0.0,0.0,0.0,0.0,2000.0,0.0,0.0
19960,0.0,0.0,0.0,0.0,12.0,0.0,1988.0
19962,0.0,0.0,0.0,0.0,0.0,267.0,1733.0
19969,0.0,0.0,0.0,0.0,0.0,0.0,2000.0
19973,0.0,0.0,0.0,0.0,0.0,5.0,1995.0
19976,0.0,0.0,0.0,0.0,0.0,2000.0,0.0
19977,0.0,0.0,0.0,0.0,5.0,0.0,1995.0
19982,0.0,0.0,0.0,0.0,0.0,0.0,2000.0
19996,2000.0,0.0,0.0,0.0,0.0,0.0,0.0
20019,2000.0,0.0,0.0,0.0,0.0,0.0,0.0
20044,2000.0,0.0,0.0,0.0,0.0,0.0,0.0
20061,0.0,0.0,0.0,0.0,0.0,2000.0,0.0
20081,0.0,0.0,0.0,0.0,67.0,0.0,1933.0
20083,0.0,0.0,0.0,0.0,1846.0,0.0,154.0
20091,0.0,0.0,0.0,0.0,0.0,0.0,2000.0
20110,2000.0,0.0,0.0,0.0,0.0,0.0,0.0
41510,0.0,0.0,0.0,0.0,0.0,0.0,2000.0
41515,0.0,0.0,0.0,0.0,0.0,0.0,2000.0
41592,0.0,0.0,0.0,0.0,174.0,0.0,1826.0
41625,45.0,0.0,0.0,0.0,274.0,0.0,1681.0
41635,6.0,0.0,0.0,0.0,40.0,0.0,1954.0
41642,0.0,0.0,0.0,0.0,2000.0,0.0,0.0
41665,0.0,0.0,0.0,0.0,920.0,0.0,1080.0
41674,0.0,0.0,0.0,0.0,2000.0,0.0,0.0
41713,0.0,0.0,0.0,0.0,2000.0,0.0,0.0
41726,0.0,0.0,0.0,0.0,2000.0,0.0,0.0
41730,2.0,0.0,0.0,0.0,137.0,0.0,1861.0
41737,0.0,0.0,0.0,0.0,0.0,2000.0,0.0
41766,0.0,0.0,0.0,0.0,1939.0,0.0,61.0
41798,0.0,0.0,0.0,0.0,1281.0,0.0,719.0
41820,0.0,0.0,0.0,0.0,0.0,0.0,2000.0
41821,0.0,0.0,0.0,2000.0,0.0,0.0,0.0
41856,0.0,0.0,0.0,0.0,0.0,0.0,2000.0
41860,0.0,0.0,0.0,0.0,0.0,0.0,2000.0
41903,0.0,0.0,0.0,0.0,1.0,0.0,1999.0
41909,0.0,0.0,0.0,0.0,2000.0,0.0,0.0
41936,0.0,0.0,0.0,0.0,0.0,0.0,2000.0
41971,0.0,0.0,0.0,0.0,10.0,0.0,1990.0
41975,0.0,0.0,0.0,0.0,1855.0,0.0,145.0
41977,0.0,0.0,0.0,0.0,0.0,0.0,2000.0
41979,3.0,0.0,0.0,0.0,116.0,0.0,1881.0
42005,0.0,0.0,0.0,0.0,587.0,0.0,1413.0
42021,0.0,0.0,0.0,2000.0,0.0,0.0,0.0
42025,0.0,0.0,0.0,0.0,0.0,0.0,2000.0
42044,0.0,0.0,0.0,0.0,826.0,0.0,1174.0
42049,0.0,0.0,0.0,0.0,0.0,0.0,2000.0
42054,0.0,0.0,0.0,0.0,1.0,0.0,1999.0
42056,0.0,0.0,0.0,0.0,1977.0,0.0,23.0
42066,0.0,0.0,0.0,0.0,0.0,2000.0,0.0
42068,0.0,0.0,0.0,0.0,0.0,2000.0,0.0
42099,0.0,0.0,0.0,0.0,0.0,5.0,1995.0
42123,0.0,0.0,0.0,0.0,0.0,0.0,2000.0
42128,0.0,0.0,0.0,0.0,2000.0,0.0,0.0
42151,0.0,0.0,0.0,0.0,0.0,0.0,2000.0
42160,0.0,0.0,0.0,0.0,0.0,0.0,2000.0
42161,0.0,0.0,0.0,0.0,0.0,535.0,1465.0
42181,0.0,0.0,0.0,0.0,2000.0,0.0,0.0
42198,0.0,0.0,0.0,0.0,0.0,0.0,2000.0
42205,0.0,0.0,0.0,0.0,0.0,0.0,2000.0
42219,0.0,0.0,0.0,0.0,0.0,0.0,2000.0
42224,0.0,0.0,0.0,0.0,2000.0,0.0,0.0
42234,0.0,0.0,0.0,0.0,0.0,0.0,2000.0
42251,0.0,0.0,0.0,0.0,596.0,0.0,1404.0
42279,0.0,0.0,0.0,17.0,0.0,0.0,1983.0
42296,0.0,0.0,0.0,0.0,1935.0,0.0,65.0
42303,0.0,0.0,0.0,0.0,0.0,0.0,2000.0
42318,0.0,0.0,0.0,0.0,0.0,0.0,2000.0
42321,0.0,0.0,0.0,0.0,2000.0,0.0,0.0
42359,0.0,0.0,0.0,0.0,0.0,0.0,2000.0
42387,0.0,0.0,0.0,0.0,2000.0,0.0,0.0
42412,0.0,0.0,0.0,0.0,0.0,0.0,2000.0
42467,0.0,0.0,0.0,0.0,2000.0,0.0,0.0
42490,0.0,0.0,0.0,0.0,0.0,0.0,2000.0
42492,0.0,0.0,0.0,0.0,0.0,0.0,2000.0
42502,0.0,0.0,0.0,0.0,34.0,1.0,1965.0
42503,1848.0,0.0,0.0,0.0,0.0,0.0,152.0
42510,885.0,0.0,0.0,0.0,0.0,0.0,1115.0
42512,0.0,0.0,0.0,56.0,0.0,0.0,1944.0
42547,1.0,0.0,0.0,0.0,43.0,0.0,1956.0
42584,0.0,0.0,0.0,0.0,2000.0,0.0,0.0
42589,0.0,0.0,0.0,0.0,1986.0,0.0,14.0
42639,13.0,0.0,0.0,0.0,0.0,0.0,1987.0
42664,0.0,0.0,0.0,0.0,273.0,0.0,1727.0
42678,2000.0,0.0,0.0,0.0,0.0,0.0,0.0
42691,0.0,0.0,0.0,0.0,2000.0,0.0,0.0
42708,0.0,0.0,0.0,0.0,1999.0,0.0,1.0
42720,0.0,0.0,0.0,0.0,0.0,2000.0,0.0
42741,0.0,0.0,0.0,0.0,1416.0,0.0,584.0
42775,0.0,0.0,0.0,0.0,1439.0,0.0,561.0
42776,0.0,0.0,0.0,0.0,2000.0,0.0,0.0
42780,0.0,0.0,0.0,0.0,1059.0,0.0,941.0
42810,0.0,0.0,0.0,0.0,0.0,1973.0,27.0
42844,0.0,0.0,0.0,0.0,1726.0,0.0,274.0
42857,0.0,0.0,0.0,0.0,0.0,0.0,2000.0
42880,0.0,0.0,0.0,0.0,1496.0,0.0,504.0
42917,0.0,0.0,0.0,0.0,173.0,0.0,1827.0
42961,0.0,0.0,0.0,0.0,2000.0,0.0,0.0
43005,0.0,0.0,0.0,0.0,1906.0,0.0,94.0
43006,1.0,0.0,0.0,0.0,3.0,0.0,1996.0
43029,0.0,0.0,0.0,2000.0,0.0,0.0,0.0
43033,24.0,0.0,0.0,0.0,0.0,0.0,1976.0
43068,0.0,0.0,0.0,0.0,27.0,0.0,1973.0
43069,0.0,0.0,0.0,0.0,155.0,0.0,1845.0
43070,0.0,0.0,0.0,0.0,1090.0,0.0,910.0
43071,286.0,0.0,0.0,0.0,0.0,0.0,1714.0
43072,1237.0,0.0,0.0,0.0,0.0,0.0,763.0
43126,0.0,0.0,0.0,0.0,1604.0,0.0,396.0
43130,0.0,0.0,0.0,0.0,187.0,0.0,1813.0
43144,0.0,0.0,0.0,0.0,1999.0,0.0,1.0
43172,2.0,0.0,0.0,0.0,0.0,0.0,1998.0
43206,0.0,0.0,0.0,0.0,0.0,0.0,2000.0
43272,0.0,0.0,0.0,0.0,2000.0,0.0,0.0
43287,0.0,0.0,0.0,0.0,3.0,0.0,1997.0
43295,0.0,0.0,0.0,0.0,2000.0,0.0,0.0
43297,0.0,0.0,0.0,0.0,0.0,0.0,2000.0
43304,0.0,0.0,0.0,0.0,7.0,0.0,1993.0
43325,0.0,0.0,0.0,0.0,1997.0,0.0,3.0
43348,9.0,0.0,0.0,0.0,0.0,0.0,1991.0
43369,0.0,0.0,0.0,0.0,0.0,411.0,1589.0
43390,0.0,0.0,0.0,0.0,2000.0,0.0,0.0
43405,0.0,0.0,0.0,0.0,50.0,717.0,1233.0
43416,0.0,0.0,0.0,0.0,2000.0,0.0,0.0
43450,0.0,0.0,0.0,0.0,350.0,0.0,1650.0
43455,0.0,0.0,0.0,0.0,0.0,0.0,2000.0
43463,0.0,0.0,0.0,0.0,8.0,0.0,1992.0
43496,0.0,0.0,0.0,0.0,0.0,2000.0,0.0
43524,0.0,0.0,0.0,0.0,268.0,0.0,1732.0
43534,0.0,0.0,0.0,0.0,2000.0,0.0,0.0
43568,0.0,0.0,0.0,0.0,2000.0,0.0,0.0
43569,0.0,0.0,2.0,116.0,0.0,0.0,1882.0
43634,2000.0,0.0,0.0,0.0,0.0,0.0,0.0
43639,0.0,0.0,0.0,0.0,2000.0,0.0,0.0
43640,0.0,0.0,0.0,0.0,1747.0,0.0,253.0
43672,0.0,0.0,0.0,0.0,1980.0,0.0,20.0
43677,0.0,0.0,0.0,0.0,0.0,0.0,2000.0
43712,65.0,0.0,0.0,0.0,0.0,0.0,1935.0
43745,0.0,0.0,0.0,0.0,717.0,0.0,1283.0
43751,0.0,0.0,0.0,0.0,2000.0,0.0,0.0
43766,0.0,0.0,0.0,0.0,0.0,0.0,2000.0
43791,670.0,0.0,0.0,0.0,0.0,0.0,1330.0
43799,0.0,0.0,0.0,0.0,2000.0,0.0,0.0
43817,0.0,0.0,0.0,0.0,234.0,0.0,1766.0
43836,0.0,0.0,0.0,0.0,1918.0,0.0,82.0
43839,0.0,0.0,0.0,0.0,0.0,836.0,1164.0
43888,0.0,0.0,0.0,0.0,0.0,0.0,2000.0
43930,0.0,0.0,0.0,0.0,2000.0,0.0,0.0
43936,0.0,0.0,0.0,0.0,1743.0,0.0,257.0
43944,116.0,0.0,0.0,0.0,0.0,0.0,1884.0
43948,0.0,0.0,0.0,0.0,12.0,0.0,1988.0
43975,0.0,0.0,0.0,0.0,1945.0,0.0,55.0
44011,0.0,0.0,0.0,0.0,2000.0,0.0,0.0
44085,1313.0,0.0,0.0,0.0,0.0,0.0,687.0
44090,0.0,0.0,0.0,0.0,1950.0,0.0,50.0
44127,0.0,0.0,0.0,0.0,5.0,0.0,1995.0
44129,2000.0,0.0,0.0,0.0,0.0,0.0,0.0
44144,2000.0,0.0,0.0,0.0,0.0,0.0,0.0
44152,1991.0,0.0,0.0,0.0,0.0,0.0,9.0
44162,0.0,0.0,0.0,0.0,1822.0,0.0,178.0
44170,0.0,0.0,0.0,0.0,0.0,0.0,2000.0
44172,0.0,0.0,0.0,0.0,277.0,0.0,1723.0
44201,0.0,0.0,0.0,0.0,0.0,0.0,2000.0
44282,0.0,0.0,0.0,0.0,1998.0,0.0,2.0
44286,0.0,0.0,0.0,0.0,0.0,0.0,2000.0
44302,0.0,0.0,0.0,0.0,2000.0,0.0,0.0
44320,0.0,0.0,0.0,0.0,0.0,0.0,2000.0
44346,1998.0,0.0,0.0,0.0,0.0,0.0,2.0
44408,0.0,0.0,0.0,0.0,208.0,0.0,1792.0
44428,0.0,0.0,0.0,0.0,0.0,0.0,2000.0
44470,0.0,0.0,0.0,0.0,117.0,780.0,1103.0
44472,625.0,0.0,0.0,0.0,0.0,0.0,1375.0
44474,0.0,0.0,0.0,0.0,0.0,0.0,2000.0
44476,0.0,0.0,0.0,0.0,0.0,0.0,2000.0
44479,0.0,0.0,0.0,0.0,0.0,0.0,2000.0
44496,0.0,0.0,0.0,0.0,0.0,0.0,2000.0
44509,0.0,0.0,0.0,0.0,0.0,1492.0,508.0
44516,0.0,0.0,0.0,7.0,0.0,0.0,1993.0
44528,0.0,0.0,0.0,0.0,0.0,0.0,2000.0
44549,0.0,0.0,0.0,0.0,1960.0,0.0,40.0
44614,0.0,0.0,0.0,0.0,0.0,0.0,2000.0
44619,0.0,0.0,0.0,0.0,307.0,0.0,1693.0
44675,37.0,0.0,0.0,0.0,0.0,0.0,1963.0
44698,0.0,0.0,0.0,0.0,2000.0,0.0,0.0
44735,0.0,0.0,0.0,0.0,0.0,0.0,2000.0
44766,0.0,0.0,0.0,0.0,8.0,0.0,1992.0
44772,0.0,0.0,0.0,0.0,0.0,0.0,2000.0
44775,606.0,0.0,0.0,0.0,0.0,0.0,1394.0
44788,0.0,0.0,0.0,0.0,1981.0,0.0,19.0
44811,0.0,0.0,0.0,0.0,2000.0,0.0,0.0
44825,0.0,0.0,0.0,0.0,2000.0,0.0,0.0
44867,0.0,0.0,0.0,0.0,351.0,0.0,1649.0
44870,0.0,0.0,0.0,0.0,2000.0,0.0,0.0
44886,0.0,0.0,0.0,0.0,0.0,0.0,2000.0
44890,0.0,0.0,0.0,0.0,2000.0,0.0,0.0
44916,361.0,0.0,0.0,0.0,0.0,0.0,1639.0
44941,0.0,0.0,0.0,0.0,43.0,0.0,1957.0
44963,0.0,0.0,0.0,0.0,0.0,0.0,2000.0
44966,0.0,0.0,0.0,0.0,8.0,0.0,1992.0
45002,0.0,0.0,0.0,0.0,519.0,87.0,1394.0
45036,0.0,0.0,0.0,0.0,2000.0,0.0,0.0
45037,0.0,0.0,0.0,0.0,0.0,0.0,2000.0
45040,0.0,0.0,0.0,0.0,2000.0,0.0,0.0
45052,0.0,0.0,0.0,0.0,0.0,0.0,2000.0
45142,0.0,0.0,0.0,0.0,0.0,0.0,2000.0
45146,0.0,0.0,0.0,0.0,1893.0,0.0,107.0
45153,2000.0,0.0,0.0,0.0,0.0,0.0,0.0
45178,0.0,0.0,0.0,0.0,0.0,0.0,2000.0
45223,0.0,0.0,0.0,0.0,13.0,0.0,1987.0
45224,0.0,0.0,0.0,0.0,2000.0,0.0,0.0
45227,0.0,0.0,0.0,0.0,2000.0,0.0,0.0
45228,0.0,0.0,0.0,0.0,1865.0,0.0,135.0
45231,0.0,0.0,0.0,0.0,0.0,0.0,2000.0
45232,0.0,0.0,0.0,0.0,0.0,0.0,2000.0
45234,0.0,0.0,0.0,0.0,1135.0,0.0,865.0
45273,0.0,0.0,0.0,0.0,7.0,0.0,1993.0
45287,7.0,0.0,0.0,0.0,0.0,0.0,1993.0
45294,0.0,0.0,0.0,0.0,2000.0,0.0,0.0
45296,7.0,0.0,0.0,0.0,4.0,0.0,1989.0
45335,0.0,0.0,0.0,0.0,0.0,0.0,2000.0
45381,0.0,0.0,0.0,0.0,0.0,0.0,2000.0
45383,0.0,0.0,0.0,0.0,1381.0,0.0,619.0
45385,0.0,0.0,0.0,0.0,0.0,0.0,2000.0
45403,0.0,0.0,0.0,0.0,0.0,0.0,2000.0
45414,0.0,0.0,0.0,0.0,1952.0,0.0,48.0
45415,0.0,0.0,0.0,0.0,2000.0,0.0,0.0
45419,0.0,0.0,0.0,0.0,0.0,0.0,2000.0
45435,0.0,0.0,0.0,0.0,0.0,0.0,2000.0
45449,75.0,0.0,0.0,0.0,0.0,149.0,1776.0
45509,0.0,0.0,0.0,0.0,1316.0,0.0,684.0
45519,0.0,0.0,0.0,0.0,2000.0,0.0,0.0
45521,0.0,0.0,0.0,0.0,0.0,1407.0,593.0
45524,1.0,0.0,0.0,0.0,1865.0,0.0,134.0
45534,0.0,0.0,0.0,0.0,0.0,1886.0,114.0
45555,0.0,0.0,0.0,0.0,0.0,0.0,2000.0
45556,0.0,0.0,0.0,0.0,0.0,0.0,2000.0
45558,0.0,0.0,0.0,0.0,0.0,0.0,2000.0
45573,0.0,0.0,0.0,0.0,1998.0,0.0,2.0
45589,0.0,0.0,0.0,0.0,2000.0,0.0,0.0
45594,0.0,0.0,0.0,0.0,1986.0,0.0,14.0
45597,2000.0,0.0,0.0,0.0,0.0,0.0,0.0
45599,0.0,0.0,0.0,0.0,0.0,1.0,1999.0
45601,0.0,0.0,0.0,0.0,0.0,0.0,2000.0
45631,0.0,0.0,0.0,0.0,0.0,776.0,1224.0
45635,0.0,0.0,0.0,0.0,0.0,1988.0,12.0
45648,0.0,0.0,0.0,0.0,547.0,24.0,1429.0
45659,0.0,0.0,0.0,0.0,129.0,0.0,1871.0
45668,0.0,0.0,0.0,0.0,1978.0,0.0,22.0
45669,0.0,0.0,0.0,0.0,1990.0,0.0,10.0
45682,0.0,0.0,0.0,0.0,2000.0,0.0,0.0
45717,1.0,0.0,0.0,0.0,1941.0,0.0,58.0
45765,0.0,0.0,0.0,0.0,0.0,0.0,2000.0
45795,0.0,0.0,0.0,0.0,2000.0,0.0,0.0
45820,1.0,0.0,0.0,0.0,0.0,0.0,1999.0
45834,0.0,0.0,0.0,0.0,0.0,0.0,2000.0
45857,0.0,0.0,0.0,0.0,231.0,0.0,1769.0
45888,0.0,0.0,0.0,0.0,2000.0,0.0,0.0
45973,0.0,0.0,0.0,0.0,0.0,0.0,2000.0
45985,0.0,0.0,0.0,0.0,0.0,0.0,2000.0
46007,0.0,0.0,0.0,0.0,0.0,0.0,2000.0
46044,0.0,0.0,0.0,0.0,971.0,0.0,1029.0
46046,0.0,0.0,0.0,0.0,0.0,0.0,2000.0
46049,0.0,0.0,0.0,0.0,2000.0,0.0,0.0
46055,0.0,0.0,0.0,0.0,0.0,0.0,2000.0
46069,0.0,0.0,0.0,0.0,0.0,0.0,2000.0
46072,0.0,0.0,0.0,0.0,0.0,0.0,2000.0
46099,6.0,0.0,0.0,0.0,0.0,0.0,1994.0
46101,0.0,0.0,0.0,0.0,1610.0,0.0,390.0
46102,0.0,0.0,0.0,0.0,567.0,0.0,1433.0
46118,0.0,0.0,0.0,0.0,0.0,0.0,2000.0
46131,0.0,0.0,0.0,0.0,0.0,0.0,2000.0
46137,0.0,0.0,0.0,0.0,720.0,0.0,1280.0
46152,0.0,0.0,0.0,0.0,2000.0,0.0,0.0
46155,1.0,0.0,0.0,0.0,0.0,0.0,1999.0
46158,0.0,0.0,0.0,0.0,1.0,902.0,1097.0
46273,0.0,0.0,0.0,0.0,0.0,0.0,2000.0
46278,1.0,0.0,0.0,0.0,0.0,0.0,1999.0
46326,0.0,0.0,0.0,2000.0,0.0,0.0,0.0
46327,0.0,0.0,0.0,0.0,2000.0,0.0,0.0
46385,0.0,0.0,0.0,0.0,0.0,1577.0,423.0
46421,0.0,0.0,0.0,0.0,513.0,0.0,1487.0
46463,0.0,0.0,0.0,0.0,2000.0,0.0,0.0
46496,0.0,0.0,0.0,0.0,0.0,0.0,2000.0
46512,0.0,0.0,0.0,0.0,0.0,995.0,1005.0
46513,0.0,0.0,0.0,0.0,2000.0,0.0,0.0
46539,110.0,0.0,0.0,0.0,0.0,0.0,1890.0
46553,10.0,0.0,0.0,0.0,0.0,0.0,1990.0
46559,0.0,0.0,0.0,0.0,1396.0,0.0,604.0
46571,3.0,0.0,0.0,0.0,0.0,0.0,1997.0
46575,0.0,0.0,0.0,0.0,0.0,0.0,2000.0
46609,2000.0,0.0,0.0,0.0,0.0,0.0,0.0
46634,0.0,0.0,0.0,0.0,2000.0,0.0,0.0
46636,0.0,0.0,0.0,0.0,1999.0,0.0,1.0
46638,0.0,0.0,0.0,0.0,0.0,0.0,2000.0
46652,0.0,0.0,0.0,0.0,0.0,0.0,2000.0
46673,0.0,0.0,0.0,0.0,0.0,0.0,2000.0
46675,0.0,0.0,0.0,0.0,0.0,0.0,2000.0
46727,0.0,0.0,0.0,0.0,1986.0,0.0,14.0
46771,0.0,0.0,0.0,0.0,51.0,0.0,1949.0
46808,0.0,0.0,0.0,0.0,2000.0,0.0,0.0
46819,913.0,0.0,0.0,0.0,0.0,0.0,1087.0
46823,0.0,0.0,0.0,0.0,0.0,3.0,1997.0
46864,0.0,0.0,0.0,0.0,1963.0,0.0,37.0
46881,0.0,0.0,0.0,0.0,0.0,0.0,2000.0
46883,0.0,0.0,0.0,0.0,2000.0,0.0,0.0
46889,0.0,0.0,0.0,0.0,2000.0,0.0,0.0
46916,2.0,0.0,0.0,0.0,0.0,0.0,1998.0
46918,0.0,0.0,0.0,0.0,582.0,0.0,1418.0
46924,0.0,0.0,0.0,0.0,12.0,0.0,1988.0
46955,0.0,0.0,0.0,0.0,0.0,0.0,2000.0
46957,0.0,0.0,0.0,0.0,226.0,0.0,1774.0
46965,0.0,0.0,0.0,0.0,1855.0,0.0,145.0
46996,0.0,0.0,0.0,0.0,0.0,0.0,2000.0
47007,0.0,0.0,0.0,0.0,2000.0,0.0,0.0
47036,0.0,0.0,0.0,0.0,0.0,0.0,2000.0
47054,0.0,0.0,0.0,0.0,0.0,0.0,2000.0
47057,0.0,0.0,0.0,0.0,2000.0,0.0,0.0
47076,2000.0,0.0,0.0,0.0,0.0,0.0,0.0
47115,0.0,0.0,0.0,0.0,1997.0,0.0,3.0
47116,1996.0,0.0,0.0,0.0,0.0,0.0,4.0
47120,0.0,0.0,0.0,0.0,1105.0,0.0,895.0
47123,0.0,0.0,0.0,0.0,0.0,0.0,2000.0
47129,0.0,0.0,0.0,0.0,1969.0,0.0,31.0
47144,0.0,0.0,0.0,3.0,0.0,0.0,1997.0
47164,0.0,0.0,0.0,0.0,0.0,8.0,1992.0
47182,0.0,0.0,0.0,0.0,0.0,2.0,1998.0
47185,0.0,0.0,0.0,0.0,1590.0,0.0,410.0
47211,0.0,0.0,0.0,0.0,1990.0,0.0,10.0
47229,1584.0,0.0,0.0,0.0,0.0,0.0,416.0
47258,0.0,0.0,0.0,0.0,0.0,0.0,2000.0
47262,0.0,0.0,0.0,0.0,137.0,0.0,1863.0
47268,0.0,0.0,0.0,0.0,0.0,0.0,2000.0
47305,0.0,0.0,0.0,0.0,2000.0,0.0,0.0
47334,0.0,0.0,0.0,0.0,619.0,0.0,1381.0
47345,0.0,0.0,0.0,0.0,1909.0,0.0,91.0
47369,0.0,0.0,0.0,0.0,0.0,1861.0,139.0
47392,0.0,0.0,0.0,0.0,1.0,0.0,1999.0
47400,0.0,0.0,0.0,0.0,0.0,0.0,2000.0
47415,2000.0,0.0,0.0,0.0,0.0,0.0,0.0
47419,0.0,0.0,0.0,0.0,38.0,6.0,1956.0
47424,0.0,0.0,0.0,0.0,2000.0,0.0,0.0
47484,0.0,0.0,0.0,0.0,0.0,0.0,2000.0
47492,0.0,0.0,0.0,0.0,0.0,0.0,2000.0
47585,0.0,0.0,0.0,0.0,0.0,0.0,2000.0
47598,0.0,0.0,0.0,0.0,0.0,2000.0,0.0
47643,0.0,0.0,0.0,0.0,1998.0,0.0,2.0
47675,0.0,0.0,0.0,0.0,0.0,0.0,2000.0
47690,0.0,0.0,0.0,0.0,1998.0,0.0,2.0
47715,0.0,0.0,0.0,0.0,0.0,0.0,2000.0
47719,0.0,0.0,0.0,0.0,0.0,2000.0,0.0
47735,0.0,0.0,0.0,0.0,2000.0,0.0,0.0
47753,0.0,0.0,0.0,0.0,2000.0,0.0,0.0
47766,0.0,0.0,0.0,0.0,1801.0,0.0,199.0
47773,0.0,0.0,0.0,0.0,2000.0,0.0,0.0
47789,0.0,0.0,0.0,0.0,0.0,247.0,1753.0
47828,0.0,0.0,0.0,0.0,0.0,0.0,2000.0
47893,0.0,0.0,0.0,0.0,2000.0,0.0,0.0
47908,3.0,0.0,0.0,0.0,26.0,0.0,1971.0
47940,0.0,0.0,0.0,0.0,0.0,1473.0,527.0
47941,9.0,0.0,0.0,0.0,0.0,0.0,1991.0
47942,0.0,0.0,0.0,0.0,0.0,549.0,1451.0
47946,0.0,0.0,0.0,0.0,2000.0,0.0,0.0
47947,0.0,0.0,0.0,0.0,1992.0,0.0,8.0
47954,0.0,0.0,0.0,0.0,1732.0,0.0,268.0
47977,0.0,0.0,0.0,0.0,0.0,1987.0,13.0
47990,0.0,0.0,0.0,0.0,2000.0,0.0,0.0
47999,0.0,0.0,0.0,0.0,2000.0,0.0,0.0
48008,0.0,0.0,0.0,0.0,0.0,0.0,2000.0
48029,1987.0,0.0,0.0,0.0,0.0,0.0,13.0
48043,0.0,0.0,0.0,0.0,959.0,0.0,1041.0
48091,0.0,0.0,0.0,0.0,0.0,0.0,2000.0
48096,0.0,0.0,0.0,0.0,0.0,0.0,2000.0
48098,0.0,0.0,0.0,0.0,0.0,0.0,2000.0
48126,0.0,0.0,0.0,0.0,923.0,0.0,1077.0
48154,0.0,0.0,0.0,2000.0,0.0,0.0,0.0
48155,0.0,0.0,0.0,0.0,2000.0,0.0,0.0
48164,0.0,0.0,0.0,0.0,2000.0,0.0,0.0
48176,0.0,0.0,0.0,0.0,2000.0,0.0,0.0
48199,0.0,0.0,0.0,0.0,0.0,0.0,2000.0
48216,0.0,0.0,0.0,0.0,1313.0,0.0,687.0
48314,2000.0,0.0,0.0,0.0,0.0,0.0,0.0
48315,0.0,0.0,0.0,0.0,0.0,0.0,2000.0
48320,0.0,0.0,0.0,0.0,0.0,0.0,2000.0
48347,0.0,0.0,0.0,0.0,568.0,0.0,1432.0
48348,0.0,0.0,0.0,0.0,0.0,0.0,2000.0
48350,0.0,0.0,0.0,0.0,1315.0,0.0,685.0
48352,201.0,0.0,0.0,0.0,488.0,0.0,1311.0
48355,92.0,0.0,0.0,0.0,178.0,0.0,1730.0
48356,0.0,0.0,0.0,0.0,2000.0,0.0,0.0
48383,0.0,0.0,0.0,0.0,1300.0,27.0,673.0
48385,0.0,0.0,0.0,0.0,434.0,0.0,1566.0
48411,0.0,0.0,0.0,0.0,1866.0,0.0,134.0
48451,0.0,0.0,0.0,0.0,2000.0,0.0,0.0
48497,0.0,0.0,0.0,0.0,1978.0,0.0,22.0
48528,0.0,0.0,0.0,0.0,19.0,0.0,1981.0
48537,0.0,0.0,0.0,0.0,0.0,0.0,2000.0
48538,0.0,0.0,0.0,0.0,0.0,0.0,2000.0
48580,0.0,0.0,0.0,0.0,2000.0,0.0,0.0
48603,0.0,0.0,0.0,0.0,2000.0,0.0,0.0
48614,0.0,0.0,0.0,0.0,1975.0,0.0,25.0
48616,0.0,0.0,0.0,0.0,0.0,0.0,2000.0
48633,38.0,0.0,0.0,0.0,0.0,0.0,1962.0
48642,0.0,0.0,0.0,0.0,0.0,0.0,2000.0
48647,2000.0,0.0,0.0,0.0,0.0,0.0,0.0
48653,0.0,0.0,0.0,0.0,15.0,0.0,1985.0
48679,0.0,0.0,0.0,0.0,2000.0,0.0,0.0
48687,0.0,0.0,0.0,0.0,0.0,0.0,2000.0
48690,0.0,0.0,0.0,2000.0,0.0,0.0,0.0
48695,0.0,0.0,0.0,0.0,0.0,0.0,2000.0
48733,0.0,0.0,0.0,0.0,1999.0,0.0,1.0
48747,0.0,0.0,0.0,0.0,1996.0,0.0,4.0
48761,0.0,0.0,0.0,0.0,0.0,1970.0,30.0
48773,0.0,0.0,0.0,0.0,0.0,0.0,2000.0
48777,0.0,0.0,0.0,0.0,2000.0,0.0,0.0
48787,0.0,0.0,0.0,0.0,1978.0,0.0,22.0
48810,269.0,0.0,0.0,0.0,0.0,0.0,1731.0
48825,0.0,0.0,0.0,0.0,2000.0,0.0,0.0
48834,0.0,0.0,0.0,0.0,2000.0,0.0,0.0
48878,0.0,0.0,0.0,0.0,2000.0,0.0,0.0
48902,0.0,0.0,0.0,0.0,0.0,0.0,2000.0
48932,0.0,0.0,0.0,0.0,1983.0,0.0,17.0
48933,0.0,0.0,0.0,0.0,0.0,45.0,1955.0
48980,57.0,0.0,1.0,0.0,811.0,0.0,1131.0
48982,0.0,0.0,0.0,0.0,2000.0,0.0,0.0
48988,0.0,0.0,0.0,0.0,2000.0,0.0,0.0
49065,0.0,0.0,0.0,0.0,1988.0,0.0,12.0
49089,1.0,0.0,0.0,0.0,0.0,0.0,1999.0
49103,0.0,0.0,0.0,0.0,2000.0,0.0,0.0
49167,0.0,0.0,0.0,0.0,6.0,0.0,1994.0
49172,218.0,0.0,0.0,0.0,0.0,0.0,1782.0
49197,0.0,0.0,0.0,0.0,0.0,0.0,2000.0
49206,251.0,0.0,0.0,0.0,0.0,0.0,1749.0
49220,0.0,0.0,0.0,0.0,60.0,0.0,1940.0
49280,0.0,0.0,0.0,0.0,2000.0,0.0,0.0
49281,0.0,0.0,0.0,0.0,1744.0,0.0,256.0
49287,0.0,0.0,0.0,0.0,0.0,0.0,2000.0
49290,0.0,0.0,0.0,0.0,2000.0,0.0,0.0
49354,0.0,0.0,0.0,0.0,1027.0,0.0,973.0
49372,0.0,0.0,0.0,0.0,2000.0,0.0,0.0
49427,0.0,0.0,0.0,0.0,2000.0,0.0,0.0
49434,707.0,0.0,0.0,0.0,0.0,0.0,1293.0
49435,0.0,0.0,0.0,0.0,0.0,3.0,1997.0
49441,0.0,0.0,0.0,0.0,0.0,0.0,2000.0
49466,1818.0,0.0,0.0,0.0,0.0,0.0,182.0
49471,1.0,0.0,0.0,0.0,0.0,0.0,1999.0
49500,0.0,0.0,0.0,0.0,101.0,0.0,1899.0
49501,0.0,0.0,0.0,0.0,2000.0,0.0,0.0
49532,0.0,0.0,0.0,0.0,0.0,0.0,2000.0
49550,0.0,0.0,0.0,0.0,45.0,0.0,1955.0
49560,0.0,0.0,0.0,0.0,0.0,0.0,2000.0
49591,0.0,0.0,0.0,0.0,1956.0,0.0,44.0
49620,0.0,0.0,0.0,0.0,1879.0,0.0,121.0
49642,0.0,0.0,0.0,0.0,0.0,0.0,2000.0
49668,0.0,0.0,0.0,0.0,0.0,75.0,1925.0
49671,0.0,0.0,0.0,0.0,2000.0,0.0,0.0
49692,2000.0,0.0,0.0,0.0,0.0,0.0,0.0
49696,0.0,0.0,0.0,30.0,0.0,0.0,1970.0
49741,0.0,0.0,0.0,0.0,1.0,0.0,1999.0
49760,0.0,0.0,0.0,0.0,2000.0,0.0,0.0
49764,0.0,0.0,0.0,0.0,582.0,0.0,1418.0
49769,0.0,0.0,0.0,0.0,0.0,1077.0,923.0
49785,0.0,0.0,0.0,0.0,0.0,1992.0,8.0
49790,0.0,0.0,0.0,0.0,2000.0,0.0,0.0
49815,0.0,0.0,0.0,0.0,0.0,0.0,2000.0
49844,0.0,0.0,0.0,0.0,1411.0,0.0,589.0
49853,0.0,0.0,0.0,0.0,2000.0,0.0,0.0
49861,0.0,0.0,0.0,0.0,0.0,0.0,2000.0
49892,0.0,0.0,0.0,0.0,0.0,1999.0,1.0
49900,0.0,0.0,0.0,0.0,10.0,0.0,1990.0
49929,0.0,0.0,0.0,0.0,2000.0,0.0,0.0
49938,0.0,0.0,0.0,2000.0,0.0,0.0,0.0
49950,0.0,0.0,0.0,0.0,0.0,0.0,2000.0
49975,0.0,0.0,0.0,0.0,1162.0,0.0,838.0
49978,0.0,0.0,0.0,0.0,2000.0,0.0,0.0
49980,0.0,0.0,0.0,0.0,2000.0,0.0,0.0
50006,0.0,0.0,0.0,0.0,12.0,0.0,1988.0
50008,0.0,0.0,0.0,0.0,2000.0,0.0,0.0
50010,0.0,0.0,0.0,0.0,1303.0,0.0,697.0
50011,0.0,0.0,0.0,0.0,37.0,0.0,1963.0
50030,0.0,0.0,0.0,0.0,0.0,0.0,2000.0
50100,0.0,0.0,0.0,0.0,1940.0,0.0,60.0
50102,160.0,0.0,0.0,0.0,0.0,5.0,1835.0
50136,164.0,0.0,0.0,0.0,0.0,0.0,1836.0
50168,0.0,0.0,0.0,0.0,54.0,0.0,1946.0
50171,0.0,0.0,0.0,0.0,2000.0,0.0,0.0
50172,92.0,0.0,0.0,0.0,0.0,0.0,1908.0
50174,0.0,0.0,0.0,0.0,1.0,1.0,1998.0
50199,0.0,0.0,0.0,0.0,2000.0,0.0,0.0
50231,0.0,0.0,0.0,0.0,0.0,0.0,2000.0
50238,0.0,0.0,0.0,0.0,1983.0,0.0,17.0
50254,286.0,0.0,0.0,0.0,0.0,0.0,1714.0
50259,0.0,0.0,0.0,0.0,15.0,0.0,1985.0
50277,0.0,0.0,0.0,0.0,0.0,0.0,2000.0
50279,0.0,0.0,0.0,0.0,0.0,0.0,2000.0
50281,0.0,0.0,0.0,0.0,0.0,0.0,2000.0
50282,831.0,0.0,0.0,0.0,0.0,0.0,1169.0
50283,2000.0,0.0,0.0,0.0,0.0,0.0,0.0
50294,0.0,0.0,0.0,0.0,0.0,0.0,2000.0
50330,0.0,0.0,0.0,0.0,0.0,0.0,2000.0
50335,0.0,0.0,0.0,0.0,0.0,0.0,2000.0
50355,0.0,0.0,0.0,0.0,2000.0,0.0,0.0
50379,432.0,17.0,0.0,0.0,0.0,0.0,1551.0
50419,0.0,0.0,0.0,0.0,22.0,0.0,1978.0
50429,0.0,0.0,0.0,0.0,0.0,0.0,2000.0
50454,0.0,0.0,0.0,0.0,0.0,4.0,1996.0
50457,0.0,0.0,0.0,0.0,272.0,0.0,1728.0
50492,0.0,0.0,0.0,0.0,2000.0,0.0,0.0
50516,0.0,0.0,0.0,0.0,21.0,0.0,1979.0
50537,6.0,0.0,0.0,0.0,1634.0,0.0,360.0
50561,0.0,0.0,0.0,0.0,0.0,0.0,2000.0
50565,0.0,0.0,0.0,0.0,1850.0,0.0,150.0
50572,0.0,0.0,0.0,0.0,2000.0,0.0,0.0
50591,0.0,0.0,0.0,0.0,242.0,0.0,1758.0
50615,0.0,0.0,0.0,0.0,2000.0,0.0,0.0
50616,0.0,0.0,0.0,0.0,2000.0,0.0,0.0
50635,0.0,0.0,0.0,0.0,2000.0,0.0,0.0
50636,0.0,0.0,0.0,0.0,1990.0,0.0,10.0
50642,0.0,0.0,0.0,0.0,0.0,0.0,2000.0
50664,0.0,0.0,0.0,0.0,2000.0,0.0,0.0
50665,0.0,0.0,0.0,0.0,0.0,0.0,2000.0
50675,0.0,0.0,0.0,0.0,2000.0,0.0,0.0
50689,0.0,0.0,0.0,0.0,0.0,0.0,2000.0
50752,0.0,0.0,0.0,0.0,0.0,0.0,2000.0
50781,0.0,0.0,0.0,1782.0,0.0,0.0,218.0
50795,0.0,0.0,0.0,0.0,820.0,0.0,1180.0
50821,0.0,0.0,0.0,0.0,1939.0,0.0,61.0
50870,0.0,0.0,0.0,0.0,0.0,2000.0,0.0
50873,0.0,0.0,0.0,21.0,0.0,0.0,1979.0
50906,0.0,0.0,0.0,0.0,1943.0,0.0,57.0
50908,0.0,0.0,0.0,0.0,1995.0,0.0,5.0
50909,0.0,0.0,0.0,0.0,0.0,0.0,2000.0
50929,20.0,0.0,0.0,0.0,17.0,0.0,1963.0
50931,0.0,0.0,0.0,0.0,0.0,0.0,2000.0
50934,0.0,0.0,0.0,0.0,0.0,0.0,2000.0
50944,0.0,0.0,0.0,0.0,2000.0,0.0,0.0
50955,0.0,0.0,0.0,0.0,1977.0,0.0,23.0
50961,0.0,0.0,0.0,0.0,1920.0,0.0,80.0
51007,0.0,0.0,0.0,0.0,2000.0,0.0,0.0
51017,0.0,0.0,0.0,0.0,2000.0,0.0,0.0
51066,0.0,0.0,0.0,0.0,0.0,0.0,2000.0
51073,2000.0,0.0,0.0,0.0,0.0,0.0,0.0
51074,0.0,0.0,0.0,0.0,0.0,0.0,2000.0
51087,0.0,0.0,0.0,0.0,2000.0,0.0,0.0
51099,79.0,0.0,0.0,0.0,0.0,0.0,1921.0
51102,0.0,0.0,0.0,0.0,2000.0,0.0,0.0
51132,0.0,0.0,0.0,0.0,115.0,166.0,1719.0
51157,260.0,0.0,0.0,0.0,0.0,0.0,1740.0
51183,0.0,0.0,0.0,0.0,1986.0,0.0,14.0
51186,0.0,0.0,0.0,0.0,0.0,0.0,2000.0
51240,0.0,0.0,0.0,0.0,0.0,0.0,2000.0
51254,0.0,0.0,0.0,0.0,255.0,0.0,1745.0
51264,15.0,0.0,0.0,0.0,66.0,0.0,1919.0
51279,0.0,0.0,0.0,0.0,1743.0,0.0,257.0
51294,0.0,0.0,0.0,0.0,1978.0,0.0,22.0
51337,0.0,0.0,0.0,0.0,1.0,545.0,1454.0
51344,0.0,0.0,0.0,0.0,0.0,0.0,2000.0
51368,0.0,0.0,0.0,0.0,0.0,46.0,1954.0
51369,0.0,0.0,0.0,0.0,2000.0,0.0,0.0
51372,0.0,0.0,0.0,0.0,2.0,0.0,1998.0
51373,0.0,0.0,0.0,0.0,2000.0,0.0,0.0
51375,0.0,0.0,0.0,0.0,443.0,0.0,1557.0
51393,1774.0,0.0,0.0,0.0,0.0,0.0,226.0
51396,0.0,0.0,0.0,0.0,0.0,1.0,1999.0
51401,0.0,0.0,0.0,0.0,0.0,0.0,2000.0
51431,0.0,0.0,0.0,1692.0,0.0,0.0,308.0
51453,0.0,0.0,0.0,0.0,0.0,4.0,1996.0
51481,0.0,0.0,0.0,0.0,2.0,0.0,1998.0
51531,221.0,0.0,0.0,0.0,0.0,0.0,1779.0
51535,0.0,0.0,0.0,0.0,0.0,0.0,2000.0
51537,0.0,0.0,0.0,0.0,1431.0,0.0,569.0
51580,0.0,0.0,0.0,2000.0,0.0,0.0,0.0
51588,0.0,0.0,0.0,0.0,1994.0,0.0,6.0
51604,0.0,0.0,0.0,0.0,2000.0,0.0,0.0
51607,0.0,0.0,0.0,0.0,1023.0,0.0,977.0
51621,2000.0,0.0,0.0,0.0,0.0,0.0,0.0
51625,0.0,0.0,0.0,0.0,59.0,0.0,1941.0
51675,0.0,0.0,0.0,0.0,2000.0,0.0,0.0
51730,0.0,0.0,0.0,0.0,1826.0,0.0,174.0
51733,0.0,0.0,0.0,0.0,0.0,0.0,2000.0
51760,0.0,0.0,0.0,0.0,2000.0,0.0,0.0
51779,0.0,0.0,0.0,0.0,1998.0,0.0,2.0
51780,0.0,0.0,0.0,0.0,0.0,0.0,2000.0
51856,0.0,0.0,0.0,0.0,0.0,0.0,2000.0
51885,0.0,0.0,0.0,0.0,2000.0,0.0,0.0
51886,0.0,0.0,0.0,0.0,0.0,0.0,2000.0
51889,0.0,0.0,0.0,0.0,810.0,0.0,1190.0
51903,0.0,0.0,0.0,0.0,31.0,0.0,1969.0
51914,0.0,0.0,0.0,0.0,3.0,0.0,1997.0
51916,0.0,0.0,0.0,0.0,667.0,0.0,1333.0
51917,0.0,0.0,0.0,0.0,24.0,0.0,1976.0
51919,0.0,0.0,0.0,0.0,0.0,0.0,2000.0
51930,0.0,0.0,0.0,0.0,0.0,0.0,2000.0
51939,0.0,0.0,0.0,0.0,0.0,0.0,2000.0
51958,0.0,0.0,0.0,0.0,2000.0,0.0,0.0
52045,0.0,0.0,0.0,0.0,1963.0,0.0,37.0
52050,0.0,0.0,0.0,0.0,1999.0,0.0,1.0
52056,160.0,0.0,0.0,0.0,0.0,0.0,1840.0
52086,0.0,0.0,0.0,0.0,0.0,0.0,2000.0
52109,100.0,0.0,0.0,0.0,0.0,0.0,1900.0
52111,0.0,0.0,0.0,0.0,2000.0,0.0,0.0
52151,0.0,0.0,0.0,0.0,1965.0,0.0,35.0
52158,0.0,0.0,0.0,0.0,1737.0,0.0,263.0
52210,0.0,0.0,0.0,0.0,196.0,0.0,1804.0
52240,0.0,0.0,0.0,0.0,118.0,0.0,1882.0
52295,0.0,0.0,0.0,0.0,2000.0,0.0,0.0
52321,0.0,0.0,0.0,0.0,0.0,0.0,2000.0
52326,0.0,0.0,0.0,0.0,0.0,0.0,2000.0
52336,0.0,0.0,0.0,0.0,1038.0,0.0,962.0
52357,0.0,0.0,0.0,0.0,0.0,0.0,2000.0
52364,4.0,0.0,0.0,0.0,1297.0,0.0,699.0
52367,0.0,0.0,0.0,0.0,556.0,0.0,1444.0
52369,2000.0,0.0,0.0,0.0,0.0,0.0,0.0
52394,0.0,0.0,0.0,0.0,0.0,2000.0,0.0
52397,2000.0,0.0,0.0,0.0,0.0,0.0,0.0
52426,1961.0,0.0,0.0,0.0,0.0,0.0,39.0
52443,2000.0,0.0,0.0,0.0,0.0,0.0,0.0
52473,0.0,0.0,0.0,0.0,0.0,0.0,2000.0
52492,0.0,0.0,0.0,0.0,0.0,0.0,2000.0
52499,0.0,0.0,0.0,0.0,2.0,0.0,1998.0
52518,0.0,0.0,0.0,0.0,2000.0,0.0,0.0
52537,0.0,0.0,0.0,0.0,1735.0,0.0,265.0
52558,0.0,0.0,0.0,0.0,0.0,2000.0,0.0
52594,0.0,0.0,0.0,0.0,0.0,0.0,2000.0
52595,0.0,0.0,0.0,0.0,146.0,0.0,1854.0
52653,0.0,0.0,0.0,0.0,2000.0,0.0,0.0
52704,0.0,0.0,0.0,0.0,2000.0,0.0,0.0
52705,0.0,0.0,0.0,0.0,984.0,0.0,1016.0
52845,0.0,0.0,0.0,0.0,0.0,0.0,2000.0
52894,0.0,0.0,0.0,0.0,0.0,0.0,2000.0
52898,0.0,0.0,0.0,0.0,2000.0,0.0,0.0
52899,0.0,0.0,0.0,0.0,0.0,0.0,2000.0
52913,0.0,0.0,0.0,0.0,2000.0,0.0,0.0
52939,0.0,0.0,0.0,0.0,4.0,0.0,1996.0
52941,19.0,0.0,0.0,0.0,0.0,0.0,1981.0
52983,0.0,0.0,0.0,0.0,0.0,0.0,2000.0
52985,0.0,0.0,0.0,0.0,2000.0,0.0,0.0
53033,0.0,0.0,0.0,0.0,0.0,0.0,2000.0
53041,0.0,0.0,0.0,0.0,0.0,21.0,1979.0
53081,2000.0,0.0,0.0,0.0,0.0,0.0,0.0
53082,0.0,0.0,0.0,0.0,20.0,0.0,1980.0
53083,0.0,0.0,0.0,0.0,50.0,0.0,1950.0
53095,0.0,0.0,0.0,0.0,3.0,0.0,1997.0
53105,0.0,0.0,0.0,0.0,1998.0,0.0,2.0
53138,0.0,0.0,0.0,0.0,2000.0,0.0,0.0
53159,0.0,0.0,0.0,0.0,0.0,0.0,2000.0
53173,0.0,0.0,0.0,0.0,0.0,0.0,2000.0
53185,0.0,0.0,0.0,0.0,2000.0,0.0,0.0
53198,0.0,0.0,0.0,0.0,2000.0,0.0,0.0
53206,53.0,0.0,0.0,0.0,0.0,0.0,1947.0
53239,0.0,0.0,0.0,0.0,1.0,0.0,1999.0
53242,0.0,0.0,0.0,0.0,2000.0,0.0,0.0
53243,2000.0,0.0,0.0,0.0,0.0,0.0,0.0
53273,0.0,0.0,0.0,0.0,2000.0,0.0,0.0
53314,0.0,0.0,0.0,0.0,2000.0,0.0,0.0
53316,0.0,0.0,0.0,0.0,1683.0,0.0,317.0
53343,0.0,0.0,0.0,0.0,0.0,0.0,2000.0
53362,0.0,0.0,0.0,0.0,0.0,0.0,2000.0
53408,0.0,0.0,0.0,0.0,0.0,0.0,2000.0
53424,0.0,0.0,0.0,0.0,2000.0,0.0,0.0
53455,0.0,0.0,0.0,0.0,1.0,0.0,1999.0
53476,1999.0,0.0,0.0,0.0,0.0,0.0,1.0
53487,0.0,0.0,0.0,0.0,1517.0,0.0,483.0
53554,0.0,0.0,0.0,0.0,1999.0,0.0,1.0
53587,0.0,0.0,0.0,0.0,17.0,0.0,1983.0
53591,2000.0,0.0,0.0,0.0,0.0,0.0,0.0
53614,0.0,0.0,0.0,0.0,0.0,86.0,1914.0
53615,0.0,0.0,0.0,0.0,1958.0,0.0,42.0
53616,0.0,0.0,0.0,0.0,1675.0,0.0,325.0
53639,1727.0,0.0,0.0,0.0,0.0,0.0,273.0
53643,136.0,0.0,0.0,0.0,0.0,0.0,1864.0
53644,0.0,0.0,0.0,0.0,3.0,0.0,1997.0
53685,0.0,0.0,0.0,0.0,2000.0,0.0,0.0
53705,0.0,0.0,0.0,0.0,0.0,0.0,2000.0
53708,0.0,0.0,0.0,0.0,2000.0,0.0,0.0
53710,0.0,0.0,0.0,0.0,0.0,256.0,1744.0
53717,0.0,0.0,0.0,0.0,1318.0,0.0,682.0
53729,0.0,0.0,0.0,0.0,1999.0,0.0,1.0
53755,0.0,0.0,0.0,0.0,0.0,0.0,2000.0
53758,0.0,0.0,0.0,0.0,2000.0,0.0,0.0
53770,0.0,0.0,0.0,0.0,0.0,0.0,2000.0
53771,0.0,0.0,0.0,0.0,29.0,0.0,1971.0
53774,2000.0,0.0,0.0,0.0,0.0,0.0,0.0
53775,0.0,0.0,0.0,0.0,295.0,0.0,1705.0
53785,0.0,0.0,0.0,0.0,26.0,0.0,1974.0
53808,0.0,0.0,0.0,0.0,2000.0,0.0,0.0
53850,0.0,0.0,0.0,0.0,1021.0,0.0,979.0
53874,0.0,0.0,0.0,0.0,2000.0,0.0,0.0
53905,0.0,0.0,0.0,0.0,0.0,0.0,2000.0
53906,16.0,0.0,0.0,0.0,0.0,0.0,1984.0
53913,0.0,0.0,0.0,0.0,2000.0,0.0,0.0
53914,0.0,0.0,0.0,0.0,0.0,0.0,2000.0
53951,0.0,0.0,0.0,0.0,1375.0,0.0,625.0
54037,0.0,0.0,0.0,0.0,521.0,0.0,1479.0
54048,0.0,0.0,0.0,0.0,0.0,0.0,2000.0
54058,0.0,0.0,0.0,0.0,0.0,0.0,2000.0
54061,0.0,0.0,0.0,0.0,0.0,0.0,2000.0
54110,0.0,0.0,0.0,0.0,98.0,0.0,1902.0
54111,0.0,0.0,0.0,0.0,17.0,0.0,1983.0
54185,0.0,0.0,0.0,0.0,0.0,0.0,2000.0
54214,0.0,0.0,0.0,0.0,1679.0,0.0,321.0
54217,306.0,0.0,0.0,0.0,0.0,0.0,1694.0
54237,0.0,0.0,0.0,0.0,1359.0,0.0,641.0
54261,0.0,0.0,0.0,0.0,2000.0,0.0,0.0
54325,0.0,0.0,0.0,0.0,2000.0,0.0,0.0
54388,0.0,0.0,0.0,0.0,430.0,0.0,1570.0
54395,1808.0,0.0,0.0,0.0,0.0,0.0,192.0
54443,0.0,0.0,0.0,0.0,1572.0,0.0,428.0
54469,0.0,0.0,0.0,0.0,0.0,0.0,2000.0
54506,0.0,0.0,0.0,0.0,0.0,0.0,2000.0
54536,0.0,0.0,0.0,0.0,0.0,2000.0,0.0
54537,0.0,0.0,0.0,0.0,0.0,0.0,2000.0
54538,0.0,0.0,0.0,0.0,0.0,0.0,2000.0
54548,0.0,0.0,0.0,0.0,51.0,0.0,1949.0
54550,0.0,0.0,0.0,1988.0,0.0,0.0,12.0
54577,0.0,0.0,0.0,0.0,0.0,248.0,1752.0
54660,0.0,0.0,0.0,0.0,0.0,0.0,2000.0
54803,0.0,0.0,0.0,0.0,528.0,0.0,1472.0
54804,0.0,0.0,0.0,0.0,0.0,0.0,2000.0
54810,0.0,0.0,0.0,0.0,2000.0,0.0,0.0
54820,0.0,0.0,0.0,0.0,0.0,0.0,2000.0
54824,0.0,0.0,0.0,0.0,1895.0,0.0,105.0
54839,0.0,0.0,0.0,0.0,0.0,15.0,1985.0
54841,0.0,0.0,0.0,0.0,1971.0,0.0,29.0
54850,0.0,0.0,0.0,73.0,0.0,0.0,1927.0
54879,63.0,0.0,0.0,0.0,1269.0,0.0,668.0
54894,0.0,0.0,0.0,0.0,0.0,2000.0,0.0
54915,0.0,0.0,0.0,0.0,1371.0,0.0,629.0
54917,0.0,0.0,0.0,0.0,0.0,0.0,2000.0
54938,0.0,0.0,0.0,0.0,0.0,0.0,2000.0
54948,0.0,0.0,0.0,0.0,1869.0,0.0,131.0
54950,0.0,0.0,0.0,0.0,0.0,778.0,1222.0
54953,0.0,0.0,0.0,0.0,2000.0,0.0,0.0
54954,0.0,0.0,0.0,0.0,0.0,0.0,2000.0
55036,0.0,0.0,0.0,0.0,2000.0,0.0,0.0
55051,0.0,0.0,0.0,0.0,1938.0,0.0,62.0
55077,0.0,0.0,0.0,0.0,2000.0,0.0,0.0
55086,5.0,0.0,0.0,0.0,0.0,0.0,1995.0
55153,0.0,0.0,0.0,0.0,2000.0,0.0,0.0
55200,0.0,0.0,0.0,0.0,2000.0,0.0,0.0
55203,1.0,0.0,0.0,0.0,1989.0,0.0,10.0
55233,0.0,0.0,0.0,0.0,1931.0,0.0,69.0
55234,0.0,0.0,0.0,0.0,0.0,17.0,1983.0
55266,0.0,0.0,0.0,0.0,2000.0,0.0,0.0
55270,0.0,0.0,0.0,0.0,94.0,0.0,1906.0
55271,5.0,0.0,0.0,0.0,0.0,0.0,1995.0
55316,0.0,0.0,0.0,0.0,2000.0,0.0,0.0
55344,0.0,0.0,0.0,0.0,1666.0,0.0,334.0
55349,0.0,0.0,0.0,0.0,2000.0,0.0,0.0
55413,0.0,0.0,0.0,0.0,0.0,0.0,2000.0
55414,0.0,0.0,0.0,0.0,1458.0,1.0,541.0
55453,0.0,0.0,0.0,0.0,1317.0,0.0,683.0
55467,0.0,0.0,0.0,0.0,28.0,0.0,1972.0
55470,0.0,0.0,0.0,0.0,1982.0,0.0,18.0
55512,0.0,0.0,0.0,0.0,0.0,2000.0,0.0
55535,0.0,0.0,0.0,0.0,2000.0,0.0,0.0
55537,0.0,0.0,0.0,0.0,2000.0,0.0,0.0
55605,1.0,0.0,0.0,0.0,0.0,0.0,1999.0
55610,0.0,0.0,0.0,0.0,1790.0,0.0,210.0
55699,0.0,0.0,0.0,0.0,179.0,0.0,1821.0
55727,0.0,0.0,0.0,0.0,15.0,0.0,1985.0
55733,1.0,0.0,0.0,40.0,0.0,0.0,1959.0
55745,0.0,0.0,0.0,0.0,2000.0,0.0,0.0
55763,0.0,0.0,0.0,0.0,5.0,422.0,1573.0
55765,0.0,0.0,0.0,0.0,0.0,0.0,2000.0
55767,0.0,0.0,0.0,0.0,2000.0,0.0,0.0
55770,0.0,0.0,0.0,1.0,0.0,0.0,1999.0
55788,0.0,0.0,0.0,0.0,0.0,0.0,2000.0
55818,0.0,0.0,0.0,0.0,1999.0,0.0,1.0
55839,0.0,0.0,0.0,0.0,1612.0,0.0,388.0
55842,0.0,0.0,0.0,0.0,634.0,0.0,1366.0
55851,0.0,0.0,0.0,0.0,2000.0,0.0,0.0
55877,2000.0,0.0,0.0,0.0,0.0,0.0,0.0
55880,2000.0,0.0,0.0,0.0,0.0,0.0,0.0
55885,0.0,0.0,0.0,0.0,0.0,0.0,2000.0
55886,0.0,0.0,0.0,0.0,2000.0,0.0,0.0
55911,0.0,0.0,0.0,0.0,151.0,0.0,1849.0
55930,0.0,0.0,0.0,0.0,2000.0,0.0,0.0
55966,0.0,0.0,0.0,0.0,2000.0,0.0,0.0
56064,1715.0,0.0,0.0,0.0,0.0,0.0,285.0
56065,0.0,0.0,97.0,1.0,0.0,0.0,1902.0
56068,0.0,0.0,0.0,0.0,95.0,0.0,1905.0
56096,0.0,0.0,0.0,0.0,4.0,0.0,1996.0
56100,0.0,0.0,0.0,0.0,0.0,0.0,2000.0
56102,882.0,0.0,0.0,0.0,0.0,0.0,1118.0
56106,0.0,0.0,0.0,0.0,0.0,0.0,2000.0
56139,2000.0,0.0,0.0,0.0,0.0,0.0,0.0
56173,0.0,0.0,0.0,0.0,1993.0,0.0,7.0
56180,0.0,0.0,0.0,0.0,240.0,1.0,1759.0
56207,10.0,0.0,0.0,0.0,0.0,0.0,1990.0
56216,0.0,0.0,0.0,0.0,0.0,106.0,1894.0
56326,0.0,0.0,0.0,0.0,5.0,0.0,1995.0
56329,0.0,0.0,0.0,0.0,0.0,1.0,1999.0
56332,0.0,0.0,0.0,0.0,2.0,0.0,1998.0
56388,0.0,0.0,0.0,0.0,1993.0,0.0,7.0
56405,0.0,0.0,0.0,0.0,2000.0,0.0,0.0
56417,0.0,0.0,0.0,0.0,2000.0,0.0,0.0
56452,0.0,0.0,0.0,0.0,2000.0,0.0,0.0
56484,0.0,0.0,0.0,0.0,308.0,0.0,1692.0
56489,845.0,0.0,0.0,0.0,0.0,0.0,1155.0
56498,0.0,0.0,0.0,0.0,390.0,0.0,1610.0
56514,0.0,0.0,0.0,0.0,2000.0,0.0,0.0
56523,0.0,0.0,0.0,0.0,0.0,0.0,2000.0
56546,0.0,0.0,0.0,0.0,2000.0,0.0,0.0
56554,0.0,0.0,0.0,0.0,0.0,0.0,2000.0
56555,0.0,0.0,0.0,0.0,0.0,1140.0,860.0
56593,0.0,0.0,0.0,0.0,0.0,1982.0,18.0
56636,0.0,0.0,0.0,0.0,0.0,0.0,2000.0
56640,0.0,0.0,0.0,0.0,2000.0,0.0,0.0
56671,0.0,0.0,0.0,0.0,2000.0,0.0,0.0
56756,0.0,0.0,0.0,0.0,0.0,0.0,2000.0
56757,0.0,0.0,0.0,0.0,2000.0,0.0,0.0
56758,0.0,0.0,0.0,0.0,1675.0,0.0,325.0
56786,0.0,0.0,0.0,0.0,2000.0,0.0,0.0
56790,0.0,0.0,0.0,0.0,0.0,0.0,2000.0
56828,0.0,0.0,0.0,0.0,0.0,1.0,1999.0
56830,0.0,0.0,0.0,0.0,2000.0,0.0,0.0
56866,0.0,0.0,0.0,0.0,0.0,0.0,2000.0
56867,0.0,0.0,0.0,0.0,0.0,0.0,2000.0
56872,0.0,0.0,0.0,0.0,0.0,0.0,2000.0
56907,0.0,0.0,0.0,0.0,2000.0,0.0,0.0
56918,0.0,0.0,0.0,0.0,0.0,0.0,2000.0
56928,0.0,0.0,0.0,0.0,2000.0,0.0,0.0
56939,0.0,0.0,0.0,0.0,190.0,0.0,1810.0
56951,0.0,0.0,0.0,0.0,302.0,0.0,1698.0
57051,0.0,0.0,0.0,0.0,1979.0,0.0,21.0
57085,0.0,0.0,0.0,0.0,91.0,0.0,1909.0
57102,545.0,0.0,0.0,0.0,0.0,0.0,1455.0
57146,0.0,0.0,0.0,0.0,0.0,0.0,2000.0
57148,0.0,0.0,0.0,0.0,0.0,0.0,2000.0
57182,0.0,0.0,0.0,0.0,1052.0,0.0,948.0
57222,0.0,0.0,0.0,0.0,0.0,2000.0,0.0
57224,0.0,0.0,0.0,0.0,2.0,0.0,1998.0
57231,0.0,0.0,0.0,0.0,0.0,0.0,2000.0
57267,0.0,0.0,0.0,0.0,634.0,0.0,1366.0
57305,0.0,0.0,0.0,0.0,1077.0,0.0,923.0
57322,0.0,0.0,0.0,581.0,0.0,0.0,1419.0
57382,0.0,0.0,0.0,0.0,2000.0,0.0,0.0
57470,1836.0,0.0,0.0,0.0,0.0,0.0,164.0
57491,2000.0,0.0,0.0,0.0,0.0,0.0,0.0
57497,0.0,0.0,0.0,0.0,2000.0,0.0,0.0
57536,0.0,0.0,0.0,0.0,0.0,0.0,2000.0
57540,0.0,0.0,0.0,0.0,1990.0,0.0,10.0
57541,0.0,0.0,0.0,0.0,0.0,0.0,2000.0
57542,0.0,0.0,0.0,0.0,0.0,0.0,2000.0
57555,0.0,0.0,0.0,0.0,0.0,0.0,2000.0
57567,0.0,0.0,0.0,0.0,2000.0,0.0,0.0
57581,0.0,0.0,0.0,0.0,5.0,0.0,1995.0
57606,109.0,0.0,0.0,0.0,0.0,0.0,1891.0
57607,0.0,0.0,0.0,0.0,3.0,181.0,1816.0
57647,0.0,0.0,0.0,0.0,0.0,0.0,2000.0
57683,0.0,0.0,0.0,0.0,0.0,26.0,1974.0
57730,0.0,0.0,0.0,0.0,1901.0,0.0,99.0
57759,0.0,0.0,0.0,0.0,1946.0,0.0,54.0
57762,5.0,0.0,0.0,0.0,0.0,0.0,1995.0
57771,0.0,0.0,0.0,0.0,0.0,0.0,2000.0
57801,9.0,0.0,0.0,0.0,0.0,0.0,1991.0
57807,1969.0,0.0,0.0,0.0,0.0,0.0,31.0
57832,0.0,0.0,0.0,0.0,0.0,0.0,2000.0
57869,0.0,0.0,0.0,0.0,19.0,0.0,1981.0
57880,0.0,0.0,0.0,0.0,2000.0,0.0,0.0
57894,0.0,0.0,0.0,0.0,2000.0,0.0,0.0
57956,795.0,0.0,0.0,0.0,0.0,0.0,1205.0
57981,1.0,0.0,0.0,0.0,0.0,3.0,1996.0
58017,0.0,0.0,0.0,0.0,1387.0,0.0,613.0
58092,0.0,0.0,0.0,17.0,0.0,0.0,1983.0
58119,388.0,0.0,0.0,0.0,0.0,0.0,1612.0
58121,0.0,0.0,0.0,0.0,1821.0,0.0,179.0
58177,1991.0,0.0,0.0,0.0,0.0,0.0,9.0
58207,0.0,0.0,0.0,0.0,109.0,0.0,1891.0
58211,0.0,0.0,0.0,124.0,0.0,0.0,1876.0
58252,0.0,0.0,0.0,0.0,0.0,1999.0,1.0
58293,0.0,0.0,0.0,0.0,2000.0,0.0,0.0
58322,0.0,0.0,0.0,0.0,0.0,201.0,1799.0
58333,0.0,0.0,0.0,0.0,2000.0,0.0,0.0
58345,0.0,0.0,0.0,0.0,0.0,0.0,2000.0
58364,0.0,0.0,0.0,0.0,1988.0,0.0,12.0
58365,0.0,0.0,0.0,0.0,1174.0,0.0,826.0
58372,0.0,0.0,0.0,0.0,0.0,0.0,2000.0
58399,0.0,0.0,0.0,0.0,0.0,37.0,1963.0
58403,0.0,0.0,0.0,0.0,874.0,0.0,1126.0
58417,0.0,0.0,0.0,0.0,0.0,0.0,2000.0
58474,0.0,0.0,0.0,0.0,1997.0,0.0,3.0
58497,0.0,0.0,0.0,0.0,0.0,23.0,1977.0
58559,0.0,0.0,0.0,0.0,2000.0,0.0,0.0
58605,0.0,0.0,0.0,0.0,0.0,0.0,2000.0
58615,694.0,0.0,0.0,0.0,0.0,0.0,1306.0
58676,0.0,0.0,0.0,0.0,1779.0,0.0,221.0
58677,0.0,0.0,0.0,0.0,1356.0,0.0,644.0
58690,0.0,0.0,0.0,0.0,1987.0,0.0,13.0
58713,0.0,0.0,0.0,0.0,1871.0,0.0,129.0
58800,0.0,0.0,0.0,0.0,0.0,0.0,2000.0
58827,12.0,0.0,0.0,0.0,0.0,0.0,1988.0
58842,0.0,0.0,0.0,0.0,171.0,0.0,1829.0
58860,0.0,0.0,0.0,0.0,801.0,0.0,1199.0
58861,0.0,0.0,0.0,0.0,0.0,0.0,2000.0
58862,0.0,0.0,0.0,0.0,0.0,4.0,1996.0
58895,0.0,0.0,0.0,0.0,2000.0,0.0,0.0
58934,0.0,0.0,0.0,2.0,0.0,0.0,1998.0
58944,0.0,0.0,0.0,0.0,1997.0,0.0,3.0
58956,0.0,0.0,0.0,0.0,0.0,0.0,2000.0
58968,0.0,0.0,0.0,0.0,0.0,2000.0,0.0
58970,0.0,0.0,0.0,0.0,0.0,0.0,2000.0
59003,0.0,0.0,0.0,0.0,0.0,0.0,2000.0
59009,0.0,0.0,0.0,0.0,27.0,1578.0,395.0
59045,611.0,0.0,0.0,0.0,0.0,0.0,1389.0
59063,0.0,0.0,0.0,0.0,2000.0,0.0,0.0
59065,0.0,0.0,0.0,0.0,2000.0,0.0,0.0
59088,0.0,0.0,0.0,0.0,733.0,0.0,1267.0
59095,0.0,0.0,0.0,0.0,1970.0,0.0,30.0
59130,0.0,0.0,0.0,5.0,0.0,0.0,1995.0
59168,0.0,0.0,0.0,0.0,145.0,0.0,1855.0
59171,0.0,0.0,0.0,0.0,2000.0,0.0,0.0
59182,0.0,0.0,0.0,0.0,0.0,0.0,2000.0
59208,0.0,0.0,0.0,0.0,0.0,2000.0,0.0
59209,0.0,0.0,0.0,0.0,0.0,0.0,2000.0
59246,0.0,0.0,0.0,0.0,2000.0,0.0,0.0
59287,0.0,0.0,0.0,0.0,7.0,0.0,1993.0
59319,0.0,0.0,0.0,0.0,646.0,0.0,1354.0
59324,0.0,0.0,0.0,0.0,0.0,0.0,2000.0
59398,0.0,0.0,0.0,0.0,2000.0,0.0,0.0
59405,0.0,0.0,0.0,0.0,1.0,0.0,1999.0
59431,0.0,0.0,0.0,0.0,0.0,2.0,1998.0
59470,0.0,0.0,0.0,0.0,1835.0,0.0,165.0
59480,0.0,0.0,0.0,0.0,2000.0,0.0,0.0
59545,234.0,0.0,0.0,0.0,0.0,0.0,1766.0
59549,0.0,0.0,0.0,0.0,1965.0,0.0,35.0
59620,0.0,0.0,0.0,0.0,2000.0,0.0,0.0
59658,0.0,0.0,0.0,0.0,0.0,0.0,2000.0
59668,66.0,0.0,0.0,0.0,0.0,0.0,1934.0
59699,245.0,0.0,0.0,0.0,83.0,0.0,1672.0
59705,0.0,0.0,0.0,0.0,6.0,0.0,1994.0
59733,0.0,0.0,0.0,0.0,0.0,0.0,2000.0
59737,0.0,0.0,0.0,0.0,1713.0,0.0,287.0
59739,0.0,0.0,0.0,0.0,0.0,0.0,2000.0
59767,618.0,0.0,0.0,0.0,0.0,0.0,1382.0
59768,0.0,0.0,0.0,0.0,2000.0,0.0,0.0
59770,0.0,0.0,0.0,0.0,1976.0,0.0,24.0
59792,0.0,0.0,0.0,0.0,0.0,0.0,2000.0
59809,0.0,0.0,0.0,0.0,2000.0,0.0,0.0
59812,0.0,0.0,0.0,0.0,1892.0,0.0,108.0
59816,0.0,0.0,0.0,0.0,1999.0,0.0,1.0
59841,0.0,0.0,0.0,0.0,247.0,0.0,1753.0
59920,0.0,0.0,0.0,0.0,25.0,0.0,1975.0
59925,0.0,0.0,0.0,0.0,0.0,2000.0,0.0
59936,84.0,0.0,0.0,0.0,38.0,0.0,1878.0
59964,0.0,0.0,0.0,0.0,2000.0,0.0,0.0
60003,0.0,0.0,0.0,0.0,13.0,0.0,1987.0
60013,0.0,0.0,0.0,0.0,0.0,1985.0,15.0
60030,108.0,0.0,0.0,0.0,0.0,0.0,1892.0
60042,0.0,0.0,0.0,0.0,0.0,0.0,2000.0
60086,0.0,0.0,0.0,0.0,1993.0,0.0,7.0
60120,0.0,0.0,0.0,0.0,0.0,0.0,2000.0
60121,0.0,0.0,0.0,0.0,0.0,0.0,2000.0
60122,0.0,0.0,0.0,0.0,976.0,0.0,1024.0
60160,0.0,0.0,0.0,0.0,1.0,386.0,1613.0
60164,0.0,0.0,0.0,0.0,2000.0,0.0,0.0
60211,0.0,0.0,0.0,0.0,2000.0,0.0,0.0
60221,0.0,0.0,0.0,0.0,0.0,1032.0,968.0
60238,0.0,0.0,0.0,0.0,0.0,0.0,2000.0
60243,0.0,0.0,0.0,0.0,272.0,0.0,1728.0
60280,0.0,0.0,0.0,0.0,2000.0,0.0,0.0
60295,0.0,0.0,0.0,0.0,2000.0,0.0,0.0
60297,0.0,0.0,0.0,0.0,2000.0,0.0,0.0
60309,2000.0,0.0,0.0,0.0,0.0,0.0,0.0
60322,0.0,0.0,0.0,0.0,179.0,0.0,1821.0
60365,0.0,0.0,0.0,0.0,86.0,0.0,1914.0
60403,0.0,0.0,0.0,0.0,0.0,1072.0,928.0
60437,0.0,0.0,0.0,0.0,0.0,0.0,2000.0
60438,0.0,0.0,0.0,0.0,0.0,0.0,2000.0
60439,0.0,0.0,0.0,0.0,2000.0,0.0,0.0
60442,0.0,0.0,0.0,0.0,2000.0,0.0,0.0
60457,2000.0,0.0,0.0,0.0,0.0,0.0,0.0
60478,2000.0,0.0,0.0,0.0,0.0,0.0,0.0
60483,0.0,0.0,0.0,0.0,160.0,0.0,1840.0
60488,0.0,0.0,0.0,0.0,2000.0,0.0,0.0
60496,0.0,0.0,0.0,0.0,698.0,0.0,1302.0
60508,0.0,0.0,0.0,0.0,0.0,512.0,1488.0
60515,30.0,0.0,0.0,0.0,1812.0,0.0,158.0
60527,0.0,0.0,0.0,0.0,536.0,0.0,1464.0
60558,0.0,0.0,0.0,0.0,384.0,0.0,1616.0
60566,0.0,0.0,0.0,0.0,0.0,0.0,2000.0
60572,607.0,0.0,0.0,0.0,0.0,0.0,1393.0
60584,2000.0,0.0,0.0,0.0,0.0,0.0,0.0
60585,0.0,0.0,0.0,0.0,0.0,0.0,2000.0
60602,0.0,0.0,0.0,0.0,1998.0,0.0,2.0
60624,41.0,0.0,0.0,0.0,0.0,0.0,1959.0
60636,60.0,0.0,0.0,0.0,102.0,0.0,1838.0
60699,0.0,0.0,0.0,0.0,0.0,0.0,2000.0
60707,0.0,0.0,0.0,0.0,0.0,0.0,2000.0
60743,0.0,0.0,0.0,0.0,2000.0,0.0,0.0
60796,0.0,0.0,0.0,0.0,1973.0,0.0,27.0
60814,0.0,0.0,0.0,0.0,2000.0,0.0,0.0
60848,0.0,0.0,0.0,0.0,2000.0,0.0,0.0
60888,0.0,0.0,0.0,0.0,0.0,2.0,1998.0
60889,0.0,0.0,0.0,0.0,0.0,1980.0,20.0
60891,0.0,0.0,0.0,0.0,0.0,0.0,2000.0
60905,0.0,0.0,0.0,0.0,1.0,0.0,1999.0
60962,1301.0,0.0,0.0,0.0,1.0,0.0,698.0
60966,0.0,0.0,0.0,0.0,0.0,2000.0,0.0
60978,0.0,0.0,0.0,0.0,2000.0,0.0,0.0
60999,0.0,0.0,0.0,0.0,0.0,0.0,2000.0
61052,0.0,0.0,0.0,0.0,0.0,0.0,2000.0
61069,0.0,0.0,0.0,0.0,14.0,0.0,1986.0
61103,0.0,0.0,0.0,0.0,213.0,0.0,1787.0
61149,0.0,0.0,0.0,0.0,0.0,0.0,2000.0
61184,0.0,0.0,0.0,0.0,605.0,0.0,1395.0
61305,0.0,0.0,0.0,0.0,0.0,0.0,2000.0
61341,0.0,0.0,0.0,0.0,35.0,0.0,1965.0
61355,0.0,0.0,0.0,0.0,1256.0,0.0,744.0
61379,0.0,0.0,0.0,0.0,2000.0,0.0,0.0
61384,0.0,0.0,0.0,0.0,1845.0,0.0,155.0
61417,0.0,0.0,0.0,0.0,8.0,0.0,1992.0
61423,0.0,0.0,0.0,0.0,558.0,96.0,1346.0
61450,323.0,0.0,0.0,0.0,0.0,0.0,1677.0
61463,0.0,0.0,0.0,0.0,2.0,0.0,1998.0
61479,0.0,0.0,0.0,0.0,0.0,0.0,2000.0
61487,0.0,0.0,0.0,0.0,1989.0,0.0,11.0
61520,0.0,0.0,0.0,0.0,2000.0,0.0,0.0
61526,0.0,0.0,0.0,0.0,0.0,0.0,2000.0
61635,0.0,0.0,0.0,0.0,0.0,0.0,2000.0
61659,0.0,0.0,0.0,0.0,1689.0,0.0,311.0
61704,0.0,0.0,0.0,0.0,0.0,0.0,2000.0
61722,646.0,0.0,0.0,0.0,0.0,0.0,1354.0
61742,0.0,0.0,0.0,0.0,504.0,0.0,1496.0
61743,0.0,0.0,0.0,0.0,0.0,0.0,2000.0
61746,0.0,0.0,0.0,0.0,0.0,0.0,2000.0
61754,0.0,0.0,0.0,0.0,7.0,0.0,1993.0
61796,0.0,0.0,0.0,2000.0,0.0,0.0,0.0
61816,0.0,0.0,0.0,0.0,0.0,0.0,2000.0
61819,0.0,0.0,0.0,0.0,0.0,0.0,2000.0
61858,0.0,0.0,0.0,0.0,0.0,70.0,1930.0
61861,0.0,0.0,0.0,0.0,0.0,2000.0,0.0
61874,0.0,0.0,0.0,0.0,0.0,0.0,2000.0
68480,0.0,0.0,0.0,0.0,1358.0,0.0,642.0
68482,0.0,0.0,0.0,0.0,0.0,1168.0,832.0
68483,0.0,0.0,0.0,0.0,2000.0,0.0,0.0
68486,11.0,0.0,0.0,0.0,0.0,748.0,1241.0
68487,0.0,0.0,0.0,2000.0,0.0,0.0,0.0
68488,2000.0,0.0,0.0,0.0,0.0,0.0,0.0
68490,0.0,0.0,0.0,0.0,0.0,2000.0,0.0
68496,0.0,0.0,0.0,0.0,0.0,116.0,1884.0
68497,0.0,0.0,0.0,0.0,1011.0,0.0,989.0
68500,0.0,0.0,0.0,0.0,0.0,2000.0,0.0
68501,0.0,0.0,0.0,0.0,0.0,2000.0,0.0
68502,0.0,0.0,0.0,0.0,0.0,0.0,2000.0
68506,0.0,0.0,0.0,0.0,0.0,0.0,2000.0
68509,0.0,0.0,0.0,0.0,0.0,0.0,2000.0
68513,0.0,0.0,0.0,0.0,0.0,0.0,2000.0
68516,0.0,0.0,0.0,0.0,0.0,0.0,2000.0
68522,0.0,0.0,0.0,0.0,2.0,1574.0,424.0
68527,0.0,0.0,0.0,0.0,0.0,2000.0,0.0
68529,0.0,0.0,0.0,0.0,0.0,8.0,1992.0
68533,0.0,0.0,0.0,0.0,0.0,2000.0,0.0
68537,2000.0,0.0,0.0,0.0,0.0,0.0,0.0
68538,0.0,0.0,0.0,0.0,0.0,1999.0,1.0
68540,0.0,0.0,0.0,0.0,0.0,0.0,2000.0
68541,0.0,0.0,0.0,0.0,0.0,2000.0,0.0
68543,0.0,0.0,0.0,0.0,0.0,0.0,2000.0
68546,0.0,0.0,0.0,0.0,0.0,2000.0,0.0
68548,0.0,0.0,0.0,0.0,0.0,0.0,2000.0
68550,0.0,0.0,0.0,0.0,0.0,2000.0,0.0
68551,249.0,0.0,0.0,0.0,0.0,0.0,1751.0
68565,0.0,0.0,0.0,0.0,0.0,2000.0,0.0
68570,0.0,0.0,0.0,0.0,458.0,0.0,1542.0
68572,0.0,0.0,0.0,0.0,0.0,0.0,2000.0
68574,0.0,0.0,0.0,0.0,0.0,1649.0,351.0
68577,0.0,0.0,0.0,0.0,0.0,0.0,2000.0
68590,0.0,0.0,0.0,0.0,0.0,0.0,2000.0
68591,0.0,0.0,0.0,0.0,0.0,2000.0,0.0
68592,0.0,0.0,0.0,0.0,2000.0,0.0,0.0
68596,0.0,0.0,0.0,0.0,0.0,1241.0,759.0
68601,0.0,0.0,0.0,0.0,0.0,5.0,1995.0
68602,0.0,0.0,0.0,0.0,3.0,305.0,1692.0
68603,0.0,0.0,0.0,0.0,0.0,0.0,2000.0
68606,0.0,0.0,0.0,0.0,0.0,2000.0,0.0
68613,0.0,0.0,0.0,0.0,0.0,0.0,2000.0
68615,2000.0,0.0,0.0,0.0,0.0,0.0,0.0
68619,2000.0,0.0,0.0,0.0,0.0,0.0,0.0
68620,0.0,0.0,0.0,0.0,1725.0,0.0,275.0
68621,0.0,0.0,0.0,0.0,3.0,0.0,1997.0
68624,2000.0,0.0,0.0,0.0,0.0,0.0,0.0
68625,0.0,0.0,0.0,0.0,0.0,0.0,2000.0
68626,1.0,0.0,0.0,0.0,0.0,0.0,1999.0
68634,0.0,0.0,0.0,0.0,0.0,1997.0,3.0
68636,0.0,0.0,0.0,0.0,0.0,564.0,1436.0
68637,2000.0,0.0,0.0,0.0,0.0,0.0,0.0
68639,0.0,0.0,0.0,1990.0,0.0,0.0,10.0
68643,0.0,0.0,0.0,1761.0,0.0,0.0,239.0
68645,2000.0,0.0,0.0,0.0,0.0,0.0,0.0
68646,0.0,0.0,0.0,0.0,10.0,0.0,1990.0
68649,0.0,0.0,0.0,0.0,1615.0,0.0,385.0
68651,0.0,0.0,0.0,1.0,0.0,0.0,1999.0
68653,17.0,0.0,0.0,0.0,0.0,0.0,1983.0
68654,0.0,0.0,0.0,0.0,903.0,0.0,1097.0
68655,0.0,0.0,0.0,0.0,0.0,0.0,2000.0
68657,0.0,0.0,0.0,0.0,0.0,1774.0,226.0
68659,0.0,0.0,0.0,0.0,0.0,2000.0,0.0
68661,2000.0,0.0,0.0,0.0,0.0,0.0,0.0
68662,0.0,0.0,0.0,0.0,0.0,0.0,2000.0
68670,0.0,0.0,0.0,0.0,0.0,0.0,2000.0
68674,0.0,0.0,0.0,0.0,0.0,2000.0,0.0
68675,0.0,0.0,0.0,0.0,0.0,175.0,1825.0
68676,0.0,0.0,0.0,0.0,0.0,2000.0,0.0
68679,0.0,0.0,0.0,0.0,0.0,2000.0,0.0
68680,331.0,0.0,0.0,0.0,0.0,0.0,1669.0
68682,0.0,0.0,0.0,0.0,0.0,2000.0,0.0
68687,0.0,0.0,0.0,0.0,1.0,984.0,1015.0
68688,0.0,0.0,0.0,0.0,1.0,1887.0,112.0
68689,0.0,0.0,0.0,0.0,0.0,2000.0,0.0
68692,0.0,0.0,0.0,0.0,0.0,1574.0,426.0
68696,0.0,0.0,0.0,0.0,0.0,2000.0,0.0
68697,2000.0,0.0,0.0,0.0,0.0,0.0,0.0
68699,0.0,0.0,0.0,0.0,0.0,2000.0,0.0
68700,0.0,0.0,0.0,0.0,2.0,0.0,1998.0
68701,0.0,0.0,0.0,0.0,6.0,0.0,1994.0
68703,0.0,0.0,0.0,0.0,0.0,0.0,2000.0
68704,0.0,0.0,0.0,0.0,0.0,0.0,2000.0
68705,0.0,0.0,0.0,0.0,0.0,2000.0,0.0
68706,0.0,0.0,0.0,0.0,40.0,54.0,1906.0
68707,0.0,0.0,0.0,0.0,0.0,0.0,2000.0
68708,0.0,0.0,0.0,0.0,0.0,0.0,2000.0
68709,0.0,0.0,0.0,0.0,0.0,2000.0,0.0
68712,0.0,0.0,0.0,0.0,77.0,575.0,1348.0
68713,0.0,0.0,0.0,0.0,0.0,1379.0,621.0
68714,0.0,0.0,0.0,0.0,0.0,2000.0,0.0
68715,2000.0,0.0,0.0,0.0,0.0,0.0,0.0
68719,0.0,0.0,0.0,0.0,0.0,2000.0,0.0
68723,0.0,0.0,0.0,0.0,0.0,1997.0,3.0
68728,0.0,0.0,0.0,0.0,0.0,2000.0,0.0
68731,0.0,0.0,0.0,0.0,0.0,1995.0,5.0
68733,0.0,0.0,0.0,0.0,77.0,0.0,1923.0
68734,0.0,0.0,0.0,0.0,910.0,47.0,1043.0
68735,0.0,0.0,0.0,0.0,0.0,0.0,2000.0
68738,0.0,0.0,0.0,0.0,0.0,1695.0,305.0
68740,0.0,0.0,0.0,0.0,0.0,736.0,1264.0
68742,2000.0,0.0,0.0,0.0,0.0,0.0,0.0
68751,2000.0,0.0,0.0,0.0,0.0,0.0,0.0
68756,0.0,0.0,0.0,0.0,188.0,0.0,1812.0
68757,0.0,0.0,0.0,0.0,0.0,294.0,1706.0
68758,0.0,0.0,0.0,2000.0,0.0,0.0,0.0
68761,0.0,0.0,0.0,0.0,0.0,0.0,2000.0
68763,0.0,0.0,0.0,1990.0,0.0,0.0,10.0
68764,0.0,0.0,0.0,0.0,0.0,1199.0,801.0
68767,0.0,0.0,0.0,0.0,0.0,0.0,2000.0
68771,0.0,0.0,0.0,0.0,105.0,463.0,1432.0
68772,207.0,0.0,0.0,0.0,0.0,0.0,1793.0
68777,0.0,0.0,0.0,0.0,751.0,0.0,1249.0
68782,0.0,0.0,0.0,0.0,0.0,1999.0,1.0
68783,0.0,0.0,0.0,0.0,0.0,0.0,2000.0
68787,0.0,0.0,0.0,0.0,0.0,2000.0,0.0
68788,1329.0,0.0,0.0,0.0,0.0,0.0,671.0
68790,0.0,0.0,0.0,0.0,0.0,0.0,2000.0
68791,0.0,0.0,0.0,0.0,0.0,2000.0,0.0
68792,0.0,0.0,0.0,0.0,0.0,1935.0,65.0
68798,0.0,0.0,0.0,0.0,0.0,0.0,2000.0
68799,0.0,0.0,0.0,0.0,1967.0,0.0,33.0
68800,0.0,0.0,0.0,0.0,0.0,0.0,2000.0
68802,0.0,0.0,0.0,0.0,2000.0,0.0,0.0
68808,0.0,0.0,0.0,0.0,650.0,0.0,1350.0
68810,0.0,0.0,0.0,0.0,82.0,0.0,1918.0
68811,0.0,0.0,0.0,0.0,0.0,0.0,2000.0
68813,0.0,0.0,0.0,0.0,0.0,167.0,1833.0
68817,0.0,0.0,0.0,0.0,176.0,0.0,1824.0
68819,0.0,0.0,0.0,0.0,0.0,0.0,2000.0
68821,0.0,0.0,0.0,0.0,1999.0,0.0,1.0
68822,0.0,0.0,10.0,141.0,0.0,0.0,1849.0
68826,0.0,0.0,0.0,18.0,0.0,0.0,1982.0
68828,0.0,0.0,0.0,0.0,0.0,2000.0,0.0
68830,0.0,0.0,0.0,0.0,2000.0,0.0,0.0
68841,0.0,0.0,0.0,0.0,0.0,0.0,2000.0
68849,0.0,0.0,0.0,0.0,0.0,0.0,2000.0
68851,0.0,0.0,0.0,0.0,0.0,707.0,1293.0
68852,0.0,0.0,0.0,1999.0,0.0,0.0,1.0
68853,0.0,0.0,0.0,0.0,0.0,0.0,2000.0
68861,0.0,0.0,0.0,0.0,0.0,0.0,2000.0
68862,2000.0,0.0,0.0,0.0,0.0,0.0,0.0
68866,0.0,0.0,0.0,0.0,1823.0,0.0,177.0
68867,0.0,0.0,0.0,0.0,0.0,1366.0,634.0
68871,0.0,0.0,0.0,0.0,2000.0,0.0,0.0
68874,0.0,0.0,0.0,0.0,0.0,0.0,2000.0
68876,0.0,0.0,0.0,0.0,2000.0,0.0,0.0
68880,532.0,0.0,0.0,0.0,0.0,0.0,1468.0
68887,0.0,0.0,0.0,0.0,0.0,759.0,1241.0
68889,0.0,0.0,0.0,0.0,2000.0,0.0,0.0
68894,0.0,0.0,0.0,0.0,0.0,0.0,2000.0
68896,0.0,0.0,0.0,0.0,0.0,2000.0,0.0
68899,0.0,0.0,0.0,0.0,0.0,1763.0,237.0
68906,0.0,0.0,0.0,0.0,0.0,1990.0,10.0
68908,0.0,0.0,0.0,0.0,0.0,0.0,2000.0
68909,0.0,0.0,0.0,0.0,7.0,9.0,1984.0
68913,0.0,0.0,0.0,0.0,0.0,2000.0,0.0
68915,0.0,0.0,0.0,0.0,0.0,1972.0,28.0
68916,0.0,0.0,0.0,0.0,0.0,660.0,1340.0
68917,0.0,0.0,0.0,0.0,0.0,0.0,2000.0
68919,0.0,0.0,0.0,0.0,0.0,1847.0,153.0
68923,0.0,0.0,0.0,0.0,3.0,1281.0,716.0
68925,0.0,0.0,0.0,0.0,0.0,6.0,1994.0
68926,0.0,0.0,0.0,0.0,0.0,0.0,2000.0
68927,0.0,0.0,0.0,0.0,1866.0,0.0,134.0
68928,0.0,0.0,0.0,0.0,1874.0,0.0,126.0
68939,0.0,0.0,0.0,0.0,0.0,0.0,2000.0
68942,0.0,0.0,0.0,0.0,0.0,1994.0,6.0
68944,0.0,0.0,0.0,0.0,0.0,0.0,2000.0
68947,0.0,0.0,0.0,0.0,0.0,1998.0,2.0
68948,0.0,0.0,0.0,0.0,2000.0,0.0,0.0
68950,0.0,0.0,0.0,0.0,0.0,2000.0,0.0
68956,280.0,0.0,0.0,0.0,0.0,0.0,1720.0
68965,0.0,0.0,0.0,0.0,0.0,2000.0,0.0
68966,0.0,0.0,0.0,0.0,0.0,7.0,1993.0
68968,0.0,0.0,0.0,0.0,2000.0,0.0,0.0
68970,2000.0,0.0,0.0,0.0,0.0,0.0,0.0
68974,0.0,0.0,0.0,0.0,0.0,1.0,1999.0
68977,0.0,0.0,0.0,0.0,0.0,0.0,2000.0
68979,0.0,0.0,0.0,0.0,0.0,0.0,2000.0
68980,2000.0,0.0,0.0,0.0,0.0,0.0,0.0
68982,0.0,0.0,0.0,0.0,2000.0,0.0,0.0
68985,0.0,0.0,0.0,0.0,2000.0,0.0,0.0
68987,0.0,0.0,0.0,2000.0,0.0,0.0,0.0
68995,0.0,0.0,0.0,0.0,0.0,0.0,2000.0
68996,0.0,0.0,0.0,0.0,0.0,1833.0,167.0
68997,0.0,0.0,0.0,0.0,0.0,0.0,2000.0
69001,0.0,0.0,0.0,0.0,547.0,0.0,1453.0
69002,0.0,0.0,0.0,0.0,0.0,29.0,1971.0
69005,0.0,0.0,0.0,0.0,0.0,0.0,2000.0
69007,2000.0,0.0,0.0,0.0,0.0,0.0,0.0
69008,0.0,0.0,0.0,0.0,1652.0,0.0,348.0
69009,0.0,0.0,0.0,0.0,0.0,0.0,2000.0
69013,0.0,0.0,0.0,0.0,0.0,768.0,1232.0
69015,0.0,0.0,0.0,0.0,0.0,0.0,2000.0
69016,0.0,0.0,0.0,0.0,0.0,0.0,2000.0
69020,2000.0,0.0,0.0,0.0,0.0,0.0,0.0
69026,0.0,0.0,0.0,0.0,0.0,1784.0,216.0
69027,0.0,0.0,0.0,0.0,1466.0,0.0,534.0
69030,0.0,0.0,0.0,0.0,0.0,2000.0,0.0
69034,0.0,0.0,0.0,0.0,0.0,0.0,2000.0
69037,0.0,0.0,1.0,31.0,0.0,0.0,1968.0
69039,0.0,0.0,0.0,0.0,0.0,0.0,2000.0
69041,1996.0,0.0,0.0,0.0,0.0,0.0,4.0
69050,0.0,0.0,0.0,0.0,0.0,2000.0,0.0
69053,0.0,0.0,0.0,0.0,0.0,2000.0,0.0
69054,0.0,0.0,0.0,0.0,0.0,0.0,2000.0
69056,0.0,0.0,0.0,0.0,0.0,976.0,1024.0
69059,0.0,0.0,0.0,2000.0,0.0,0.0,0.0
69061,2000.0,0.0,0.0,0.0,0.0,0.0,0.0
69062,0.0,0.0,0.0,0.0,0.0,1871.0,129.0
69064,0.0,0.0,0.0,0.0,0.0,0.0,2000.0
69068,0.0,0.0,0.0,0.0,0.0,1987.0,13.0
69069,312.0,0.0,0.0,0.0,0.0,0.0,1688.0
69074,0.0,0.0,0.0,0.0,2000.0,0.0,0.0
69079,0.0,0.0,0.0,0.0,689.0,102.0,1209.0
69082,2000.0,0.0,0.0,0.0,0.0,0.0,0.0
69088,2000.0,0.0,0.0,0.0,0.0,0.0,0.0
69089,0.0,0.0,0.0,0.0,0.0,0.0,2000.0
69090,0.0,0.0,0.0,0.0,471.0,15.0,1514.0
69091,0.0,0.0,0.0,0.0,1462.0,0.0,538.0
69093,0.0,0.0,0.0,0.0,5.0,0.0,1995.0
69096,2000.0,0.0,0.0,0.0,0.0,0.0,0.0
69098,0.0,0.0,0.0,0.0,0.0,0.0,2000.0
69100,0.0,0.0,0.0,0.0,0.0,2000.0,0.0
69101,0.0,0.0,0.0,0.0,0.0,0.0,2000.0
69104,0.0,0.0,0.0,0.0,0.0,0.0,2000.0
69105,0.0,0.0,0.0,0.0,0.0,1941.0,59.0
69106,0.0,0.0,0.0,0.0,0.0,0.0,2000.0
69112,0.0,0.0,0.0,0.0,0.0,0.0,2000.0
69113,0.0,0.0,0.0,0.0,0.0,20.0,1980.0
69115,0.0,0.0,0.0,0.0,2000.0,0.0,0.0
69116,0.0,0.0,0.0,0.0,1998.0,0.0,2.0
69118,0.0,0.0,0.0,0.0,0.0,0.0,2000.0
69120,0.0,0.0,0.0,0.0,1981.0,0.0,19.0
69121,0.0,0.0,0.0,0.0,0.0,2000.0,0.0
69126,0.0,0.0,0.0,0.0,6.0,1138.0,856.0
69134,0.0,0.0,0.0,0.0,0.0,1999.0,1.0
69135,1.0,0.0,0.0,0.0,0.0,0.0,1999.0
69136,0.0,0.0,0.0,0.0,0.0,2000.0,0.0
69137,0.0,0.0,0.0,0.0,0.0,1329.0,671.0
69139,0.0,0.0,0.0,0.0,0.0,2000.0,0.0
69140,0.0,0.0,0.0,0.0,0.0,0.0,2000.0
69141,0.0,0.0,0.0,0.0,744.0,0.0,1256.0
69144,0.0,0.0,0.0,0.0,2000.0,0.0,0.0
69146,0.0,0.0,0.0,0.0,0.0,2000.0,0.0
69151,0.0,0.0,0.0,0.0,0.0,917.0,1083.0
69152,0.0,0.0,0.0,0.0,0.0,710.0,1290.0
69154,0.0,0.0,0.0,0.0,2000.0,0.0,0.0
69156,0.0,0.0,0.0,0.0,0.0,0.0,2000.0
69163,0.0,0.0,0.0,0.0,0.0,1467.0,533.0
69164,0.0,0.0,0.0,0.0,0.0,1825.0,175.0
69165,0.0,0.0,0.0,0.0,0.0,0.0,2000.0
69168,0.0,0.0,0.0,0.0,0.0,1599.0,401.0
69170,0.0,0.0,0.0,0.0,0.0,0.0,2000.0
69171,0.0,0.0,0.0,0.0,2000.0,0.0,0.0
69173,0.0,0.0,0.0,0.0,0.0,0.0,2000.0
69178,0.0,0.0,0.0,0.0,0.0,2000.0,0.0
69181,2000.0,0.0,0.0,0.0,0.0,0.0,0.0
69184,0.0,0.0,0.0,0.0,2000.0,0.0,0.0
69188,0.0,0.0,0.0,0.0,0.0,0.0,2000.0
69192,0.0,0.0,0.0,0.0,0.0,0.0,2000.0
69197,0.0,0.0,1.0,0.0,0.0,0.0,1999.0
69198,0.0,0.0,0.0,2000.0,0.0,0.0,0.0
69207,0.0,0.0,0.0,2000.0,0.0,0.0,0.0
69213,0.0,0.0,0.0,0.0,144.0,0.0,1856.0
69219,0.0,0.0,0.0,0.0,0.0,5.0,1995.0
69223,0.0,0.0,0.0,0.0,0.0,0.0,2000.0
69225,2000.0,0.0,0.0,0.0,0.0,0.0,0.0
69228,0.0,0.0,0.0,0.0,158.0,0.0,1842.0
69229,0.0,0.0,0.0,0.0,0.0,0.0,2000.0
69230,0.0,0.0,0.0,0.0,0.0,0.0,2000.0
69233,1981.0,19.0,0.0,0.0,0.0,0.0,0.0
69238,0.0,0.0,0.0,0.0,0.0,0.0,2000.0
69242,0.0,0.0,0.0,1.0,0.0,0.0,1999.0
69248,0.0,0.0,0.0,0.0,0.0,1803.0,197.0
69251,0.0,0.0,0.0,0.0,0.0,0.0,2000.0
69253,0.0,0.0,0.0,0.0,2000.0,0.0,0.0
69254,0.0,0.0,0.0,0.0,0.0,1278.0,722.0
69257,0.0,0.0,0.0,0.0,0.0,0.0,2000.0
69262,0.0,0.0,0.0,0.0,0.0,0.0,2000.0
69265,0.0,0.0,0.0,0.0,2000.0,0.0,0.0
69268,0.0,0.0,0.0,0.0,0.0,1990.0,10.0
69269,0.0,0.0,0.0,0.0,77.0,90.0,1833.0
69270,0.0,0.0,0.0,0.0,0.0,0.0,2000.0
69271,0.0,0.0,0.0,0.0,0.0,0.0,2000.0
69275,0.0,0.0,0.0,0.0,0.0,2.0,1998.0
69276,1185.0,0.0,0.0,0.0,0.0,0.0,815.0
69277,0.0,0.0,5.0,0.0,0.0,0.0,1995.0
69280,0.0,0.0,0.0,0.0,0.0,1682.0,318.0
69284,0.0,0.0,0.0,0.0,235.0,0.0,1765.0
69290,47.0,0.0,0.0,0.0,0.0,0.0,1953.0
69296,0.0,0.0,0.0,0.0,0.0,0.0,2000.0
69297,0.0,0.0,0.0,0.0,1997.0,0.0,3.0
69299,16.0,0.0,0.0,0.0,0.0,0.0,1984.0
69301,0.0,0.0,0.0,0.0,2000.0,0.0,0.0
69308,0.0,0.0,0.0,0.0,0.0,1358.0,642.0
69312,0.0,0.0,0.0,0.0,0.0,1359.0,641.0
69313,0.0,0.0,0.0,2000.0,0.0,0.0,0.0
69317,0.0,0.0,0.0,0.0,0.0,0.0,2000.0
69322,0.0,0.0,0.0,0.0,0.0,0.0,2000.0
69324,524.0,0.0,0.0,0.0,0.0,0.0,1476.0
69326,0.0,0.0,0.0,0.0,0.0,0.0,2000.0
